72,0.0019
63,0.0028
71,0.1464
59,0.1472
70,0.1797
69,0.1908
68,0.1964
67,0.2019
66,0.2131
65,0.2686
64,0.2853
63,0.2964
62,0.3075
61,0.3131
60,0.3464
61,0.3519
60,0.4186
61,0.4242
62,0.4631
63,0.4686
64,0.4853
60,0.5125
59,0.5161
60,0.5269
65,0.5408
66,0.5519
61,0.5594
60,0.5703
59,0.5844
60,0.5883
61,0.6208
60,0.6608
61,0.6681
60,0.6894
59,0.6969
58,0.75
65,0.8742
64,0.8797
63,0.8908
62,0.8964
60,0.94
59,0.9722
59,0.9775
58,1.0389
57,1.0461
60,1.05
61,1.0556
56,1.0714
55,1.075
54,1.0822
53,1.1075
52,1.1256
62,1.15
63,1.1556
64,1.1611
65,1.1667
66,1.1722
53,1.18
67,1.1833
68,1.1889
69,1.2056
54,1.2197
55,1.2522
54,1.2558
55,1.2992
70,1.3
71,1.3056
72,1.3111
73,1.3167
56,1.3408
57,1.3517
58,1.3589
72,1.3611
59,1.3625
60,1.3697
71,1.3778
61,1.3806
72,1.4
73,1.4167
72,1.4222
73,1.4389
63,1.5036
64,1.5906
65,1.6158
66,1.6556
67,1.6992
68,1.7281
70,1.7586
71,1.7625
73,1.7928
74,1.8253
73,1.8581
72,1.9414
73,1.9739
72,1.9847
73,2.0461
74,2.0606
73,2.1581
72,2.1869
71,2.5592
72,2.5661
73,2.5881
72,3.1061
73,3.1894
72,3.7728
73,3.9394
72,4.4394
73,4.5228
72,5.2728
73,5.5228
72,5.7042
71,5.7097
70,5.7264
69,5.7708
74,6.0944
75,6.0981
74,6.1342
73,6.1558
74,6.1631
73,6.1886
72,6.2211
73,6.2464
72,6.2717
71,6.3511
70,6.4097
72,6.4486
73,6.4764
71,6.4767
72,6.4989
71,6.5433
72,6.545
72,6.5489
71,6.5608
72,6.5919
71,6.6278
70,6.675
71,6.6811
69,6.7039
68,6.7328
69,6.7722
70,6.8283
69,6.8667
70,6.8842
72,7.0131
71,7.02
70,7.0381
69,7.0525
68,7.0597
65,7.0856
71,7.0911
64,7.0944
63,7.1053
62,7.1233
61,7.1306
60,7.1919
61,7.1956
70,7.2078
60,7.2353
69,7.2467
68,7.2578
67,7.2689
61,7.2786
66,7.2911
65,7.3133
60,7.315
61,7.3222
64,7.3244
63,7.3411
61,7.3578
60,7.3633
59,7.3744
62,7.4233
58,7.4356
63,7.4594
57,7.4633
64,7.4917
58,7.5078
65,7.5172
59,7.5244
66,7.5553
58,7.5756
67,7.5822
68,7.5931
69,7.6003
70,7.6075
57,7.6081
56,7.6303
72,7.6361
73,7.6528
57,7.6914
74,7.6958
58,7.7025
59,7.7136
60,7.7247
73,7.7733
72,7.8239
61,7.8303
71,7.8817
60,7.8969
61,7.9192
70,7.9611
69,7.9972
60,8.0303
61,8.0358
68,8.07
67,8.1133
66,8.2217
65,8.2222
62,8.2303
64,8.2367
63,8.2414
64,8.2581
65,8.2803
66,8.2914
67,8.3025
68,8.3136
69,8.3192
63,8.32
62,8.3344
61,8.3489
60,8.3561
59,8.3922
70,8.4081
58,8.4211
57,8.4569
56,8.4825
71,8.5136
70,8.5806
57,8.6083
69,8.6139
58,8.62
68,8.625
59,8.6286
67,8.6306
66,8.6472
65,8.6694
60,8.6944
64,8.6972
61,8.7125
62,8.7344
63,8.7361
63,8.7525
62,8.7583
61,8.7694
60,8.7806
59,8.7917
64,8.7922
58,8.7972
57,8.8028
56,8.8139
65,8.8175
55,8.8194
66,8.8247
54,8.825
67,8.8356
53,8.8361
52,8.8417
68,8.8428
51,8.8472
69,8.85
70,8.8644
50,8.8694
49,8.8917
48,8.9028
47,8.9083
46,8.9139
45,8.925
44,8.9303
72,8.935
43,8.9358
42,8.9472
41,8.9528
40,8.9583
39,8.9694
73,8.97
38,8.975
37,8.9806
27,9.0917
28,9.1139
72,9.1303
73,9.1592
72,9.1628
27,9.2139
71,9.2386
26,9.2528
24,9.3417
23,9.3472
70,9.3506
22,9.3528
71,9.3653
21,9.3694
22,9.375
21,9.4361
24,10.1167
70,10.9742
69,11.0175
68,11.1214
67,11.2189
65,11.2722
64,11.2822
63,11.2894
62,11.3039
61,11.3075
60,11.3183
58,11.3292
57,11.34
58,11.3653
59,11.3764
60,11.5317
61,11.5678
62,11.5822
63,11.6003
64,11.6183
65,11.6817
66,11.7069
67,11.75
68,11.7756
69,11.9
68,11.925
69,11.9542
70,12.0389
69,12.0428
70,12.0608
71,12.1289
72,12.1347
73,12.1878
72,12.2894
71,12.3256
70,12.3797
69,12.4772
70,12.4994
71,12.5736
72,12.6097
73,12.6242
74,12.7172
73,12.7308
72,12.7817
71,12.7997
70,12.8069
69,12.8139
70,12.8214
71,12.9969
72,13.0369
71,13.1714
70,13.1786
69,13.1858
68,13.1931
69,13.2111
70,13.3119
71,13.4475
72,13.5994
75,13.7528
74,13.8478
75,13.8622
76,13.9275
77,13.9797
76,14.1236
75,14.1642
74,14.1708
73,14.225
74,14.2614
73,14.3344
72,14.3572
73,14.39
72,14.3942
73,14.5214
74,14.56
75,14.5817
76,14.5925
78,14.6264
79,14.6303
80,14.6375
81,14.6483
82,14.6592
52,15.6486
81,15.6514
80,15.6586
53,15.6608
79,15.6694
78,15.6803
55,15.6942
56,15.6997
77,15.7019
57,15.7053
58,15.7164
59,15.7275
76,15.7361
60,15.7386
75,15.7433
74,15.7542
61,15.7556
73,15.765
72,15.7794
62,15.8497
63,15.8997
64,15.9386
65,15.9556
66,15.9833
67,15.9942
68,16.0167
69,16.0278
68,16.0333
69,16.0497
68,16.0553
71,16.0636
70,16.1875
71,16.1983
69,16.2647
70,16.2761
71,16.2906
72,16.2978
71,16.3219
70,16.3742
71,16.4047
68,16.42
70,16.4264
71,16.4408
69,16.4478
72,16.5311
71,16.5458
68,16.5533
69,16.5647
72,16.5856
71,16.6289
70,16.6422
69,16.6561
68,16.6597
67,16.6833
68,16.7089
71,16.7311
67,16.7381
72,16.7811
66,16.7958
65,16.8478
71,16.8922
64,16.895
63,16.9206
72,16.9367
62,16.9422
61,16.9492
71,17.0014
59,17.005
58,17.0122
57,17.0194
54,17.0442
53,17.05
52,17.0572
50,17.0744
49,17.0847
48,17.0992
47,17.1064
46,17.1136
45,17.1172
44,17.1244
43,17.1353
72,17.1419
42,17.1425
41,17.1497
40,17.1606
71,17.1897
39,17.1931
72,17.2064
38,17.2075
37,17.2147
36,17.2464
35,17.2786
36,17.3353
37,17.3894
38,17.4183
39,17.5053
38,17.545
37,17.5972
38,17.6083
40,17.7853
41,17.7889
42,17.7997
43,17.8178
42,17.9228
43,17.93
42,17.9444
41,18.035
40,18.0422
39,18.0531
38,18.0603
37,18.0747
36,18.0892
35,18.1
34,18.1253
32,18.1519
33,18.2103
32,18.3078
33,18.3872
34,18.4414
35,18.4486
36,18.4519
37,18.4594
38,18.4667
39,18.47
40,18.4775
41,18.4847
42,18.4881
43,18.4956
45,18.5117
46,18.5156
47,18.5228
48,18.5264
50,18.5517
51,18.5614
52,18.5722
53,18.5867
54,18.6878
55,18.7381
56,18.7456
57,18.7636
58,18.7922
59,18.8672
58,18.9561
59,19.1117
60,19.2417
59,19.2633
60,19.285
59,19.2886
60,19.3464
61,19.3717
62,19.3825
63,19.3897
64,19.3933
65,19.4006
66,19.4078
65,19.4222
71,19.4731
64,19.5456
63,19.5492
62,19.5561
61,19.5636
60,19.5853
59,19.5961
58,19.6069
57,19.6358
56,19.6644
55,19.6719
54,19.7186
55,19.7478
56,19.8308
57,19.845
58,19.8489
59,19.8764
58,19.9308
72,20.1731
59,20.1872
60,20.1981
61,20.2125
60,20.2233
61,20.2414
60,20.2778
61,20.2922
60,20.3464
61,20.3533
60,20.5025
59,20.5103
58,20.5214
57,20.5719
56,20.6186
57,20.6367
56,20.7489
55,20.8372
56,20.8569
57,20.8956
56,21.0006
55,21.0697
54,21.0806
55,21.0986
71,21.1567
56,21.1733
57,21.2256
58,21.2519
59,21.275
60,21.2894
61,21.2964
62,21.3075
63,21.3581
69,21.3889
68,21.415
67,21.4261
64,21.4522
66,21.4764
65,21.4811
65,21.4939
64,21.5106
63,21.5161
62,21.5272
66,21.5353
61,21.5439
67,21.5464
60,21.5828
66,21.5875
59,21.5883
65,21.595
58,21.5994
64,21.6022
63,21.6131
57,21.6217
62,21.6311
56,21.6328
61,21.6383
60,21.6419
59,21.6492
55,21.6494
58,21.6564
57,21.6636
56,21.6661
56,21.6672
55,21.6717
55,21.6744
54,21.6817
54,21.6883
53,21.6889
52,21.6925
55,21.6994
49,21.7131
48,21.7236
47,21.7311
54,21.7328
46,21.7381
45,21.7419
44,21.7492
43,21.7561
53,21.7717
39,21.7825
38,21.7867
37,21.7939
52,21.7994
36,21.8011
35,21.8047
33,21.8272
51,21.8328
52,21.8439
32,21.8533
31,21.8714
30,21.8858
51,21.8939
52,21.9106
29,21.9781
51,21.9825
50,21.9881
51,21.9939
50,22.0328
51,22.0383
52,22.0717
53,22.0883
54,22.105
55,22.1272
56,22.1328
57,22.1383
58,22.1494
59,22.1661
60,22.1717
61,22.1772
62,22.305
63,22.3106
64,22.3217
65,22.3383
66,22.3439
67,22.3494
27,22.3539
68,22.355
69,22.3661
70,22.3772
26,22.3789
71,22.3883
27,22.4042
72,22.4106
71,22.4661
28,22.4692
72,22.5106
71,22.5272
72,22.555
27,22.5558
71,22.5661
72,22.5883
25,22.6361
24,22.6425
23,22.6497
22,22.6678
21,22.675
20,22.6822
19,22.6931
18,22.7075
17,22.7483
14,22.8075
71,22.8164
15,22.8331
16,22.8403
17,22.8511
15,22.8875
14,22.8961
13,22.9069
12,22.9178
13,22.9358
15,22.9464
16,22.9503
17,22.9575
18,22.9611
19,22.9644
20,22.9719
21,22.9756
22,22.9792
23,22.9825
24,22.9864
25,22.99
26,22.9972
27,23.0044
28,23.0117
72,23.0164
29,23.0225
30,23.0297
31,23.0333
32,23.0367
33,23.0442
34,23.0478
35,23.0514
36,23.0547
37,23.0586
38,23.0658
39,23.0694
40,23.0728
41,23.0803
42,23.0875
43,23.0947
44,23.0983
45,23.1056
46,23.1128
47,23.1164
48,23.1236
49,23.1269
50,23.1308
49,23.1344
73,23.1442
72,23.1608
48,23.1631
71,23.1664
70,23.1775
69,23.1828
68,23.1886
67,23.1942
66,23.1997
65,23.2053
47,23.2139
64,23.2164
63,23.2219
62,23.2331
61,23.2386
48,23.2428
60,23.2442
59,23.2497
58,23.2553
57,23.2608
56,23.2664
47,23.2714
55,23.2775
56,23.2831
46,23.2944
55,23.2997
47,23.32
54,23.3219
55,23.3831
56,23.4164
57,23.4219
58,23.4386
59,23.4442
60,23.4664
48,23.4864
47,23.4936
61,23.5108
46,23.5186
60,23.5331
47,23.5333
61,23.5497
46,23.5767
47,23.6236
60,23.6275
59,23.6331
58,23.6386
48,23.6417
57,23.6442
56,23.6497
55,23.6553
54,23.6608
53,23.6664
52,23.6719
49,23.6742
51,23.6775
50,23.6831
51,23.6997
48,23.7139
52,23.7219
53,23.7556
52,23.7611
53,23.7944
54,23.8
55,23.8111
56,23.8222
57,23.8278
58,23.8333
59,23.8389
60,23.8444
49,23.8511
61,23.8556
50,23.8617
51,23.8728
60,23.8778
61,23.8944
53,23.9053
54,23.9339
53,23.945
54,23.9486
53,23.9919
70,48.1467
62,48.1639
61,48.1697
60,48.1769
59,48.2167
71,48.23
58,48.3103
72,48.3356
57,48.3464
58,48.3503
73,48.3578
57,48.3881
56,48.3989
55,48.4061
54,48.4278
53,48.435
52,48.4422
51,48.4567
52,48.5217
51,48.5289
74,48.5592
52,48.605
51,48.6086
73,48.6097
50,48.6158
51,48.6375
50,48.6519
49,48.6592
48,48.6664
47,48.67
46,48.6772
45,48.6808
42,48.6975
41,48.7047
40,48.7086
72,48.7153
39,48.7158
38,48.7194
37,48.7267
71,48.7486
36,48.7519
35,48.7589
34,48.7628
72,48.7925
33,48.8097
32,48.8169
31,48.8242
30,48.8278
29,48.835
28,48.8386
27,48.8458
26,48.8492
25,48.8567
24,48.8603
23,48.8672
22,48.8783
21,48.8853
20,48.8928
19,48.9
18,48.9108
17,48.9433
16,48.9506
17,48.9867
18,49.0083
71,49.0183
19,49.0228
70,49.0294
20,49.0553
22,49.0858
23,49.1033
71,49.1072
72,49.1128
24,49.1144
73,49.1294
74,49.135
25,49.1578
75,49.1739
76,49.2017
77,49.2294
78,49.235
77,49.2911
78,49.3017
77,49.3183
78,49.3239
77,49.335
76,49.3406
75,49.3461
74,49.3517
73,49.3572
71,49.3628
70,49.3683
69,49.3794
68,49.385
67,49.3906
66,49.3961
65,49.4017
64,49.4128
63,49.4183
62,49.4239
61,49.4294
60,49.4517
59,49.4628
56,49.4964
55,49.5075
54,49.5186
55,49.5686
56,49.5908
57,49.6019
58,49.6186
59,49.6297
60,49.6353
26,49.6356
61,49.6408
27,49.6644
28,49.6753
62,49.6908
63,49.6964
64,49.7019
65,49.7131
29,49.715
66,49.7186
30,49.7222
31,49.7331
32,49.7403
67,49.7464
33,49.7511
68,49.7519
69,49.7575
34,49.7694
35,49.7767
36,49.7908
37,49.8056
38,49.8125
40,49.8389
41,49.8428
42,49.8536
43,49.8608
70,49.8728
71,49.895
72,49.9006
73,49.9061
44,49.9258
45,49.9367
46,49.9439
72,49.9561
47,49.9586
48,49.9728
71,49.9783
49,49.9944
72,50.0006
50,50.0017
51,50.0089
52,50.0161
73,50.0394
72,50.0617
73,50.0728
54,50.1897
55,50.1933
58,50.2256
59,50.2464
60,50.2536
61,50.2608
62,50.2683
63,50.2936
64,50.3008
65,50.3117
66,50.3261
67,50.3333
68,50.3442
69,50.3514
70,50.3622
71,50.3731
72,50.3803
73,50.8297
72,53.5872
72,53.7464
71,53.7519
73,53.7539
70,53.7742
69,53.8964
74,54.2531
75,54.2678
74,54.3072
73,54.3292
74,54.3364
73,54.3472
70,54.3631
72,54.3794
73,54.3869
69,54.4242
74,54.4375
73,54.4556
68,54.4742
74,54.4772
69,54.4853
73,54.5314
70,54.5353
72,54.5556
69,54.5686
73,54.5806
70,54.5964
72,54.6167
69,54.6239
71,54.6456
70,54.6961
69,54.7178
68,54.7433
67,54.8064
66,54.81
65,54.8281
64,54.8425
63,54.8497
62,54.8569
68,54.8631
61,54.8642
60,54.8711
59,54.8786
69,54.8853
58,54.8858
57,54.8931
56,54.9003
55,54.9039
54,54.9147
70,54.9186
53,54.9292
52,54.9794
69,55.0467
53,55.0556
68,55.0578
54,55.0736
69,55.08
55,55.0881
70,55.0911
71,55.0967
54,55.1061
72,55.1133
71,55.1356
55,55.1642
54,55.2111
55,55.2147
56,55.2256
58,55.2453
59,55.2525
60,55.2886
72,55.3133
59,55.3178
71,55.3911
58,55.4369
59,55.4406
60,55.5503
59,55.5575
60,55.59
61,55.6008
62,55.6117
72,55.6244
63,55.655
64,55.6839
65,55.7308
66,55.7633
67,55.7922
68,55.8322
70,55.8669
71,55.8911
72,55.9594
73,55.9847
72,56.0531
73,56.08
64,56.1967
70,56.1978
69,56.2014
63,56.2244
62,56.2467
61,56.2522
60,56.2633
59,56.2689
58,56.2744
57,56.2911
56,56.3022
70,56.3572
71,56.4094
72,56.4847
55,56.4856
73,56.5092
54,56.5578
53,56.58
72,56.5886
71,56.6103
52,56.6133
51,56.6522
50,56.6689
49,56.68
48,56.7022
70,56.8272
47,56.8356
69,56.8381
48,56.8467
68,56.8489
49,56.8578
66,56.8703
50,56.8744
65,56.8872
51,56.9078
64,56.9161
63,56.9414
50,56.9856
56,57.1003
57,57.1617
58,57.1689
59,57.1797
60,57.2006
61,57.2069
62,57.2211
63,57.2467
64,57.3044
65,57.3114
66,57.3333
67,57.3406
68,57.3514
70,57.3964
71,57.4208
70,57.485
71,57.5156
70,57.5444
71,57.595
51,58.2969
50,58.3192
49,58.3358
48,58.3469
47,58.3692
46,58.3858
45,58.4025
44,58.4192
43,58.4303
42,58.4414
41,58.4469
40,58.4525
39,58.4581
38,58.4636
37,58.4803
36,58.5025
35,58.5081
34,58.5192
33,58.5914
31,58.6136
32,58.8136
31,58.9858
70,59.0292
49,59.2692
68,59.2719
50,59.2803
51,59.2858
52,59.2969
53,59.3025
54,59.3081
55,59.3136
56,59.3192
57,59.3247
58,59.3358
59,59.3414
65,59.3442
60,59.3469
64,59.3531
63,59.3564
62,59.3636
63,59.3692
62,59.3747
64,59.3803
61,59.3856
60,59.3928
65,59.3969
66,59.4025
59,59.4036
58,59.4108
67,59.4136
68,59.4247
69,59.4414
59,59.5414
68,59.6525
69,59.6747
70,59.7581
71,59.7692
60,59.7694
59,59.7803
58,59.8417
59,59.8669
70,59.8692
69,59.8747
58,59.8803
68,59.8858
67,59.8914
57,59.8958
66,59.8969
65,59.9025
64,59.9136
56,59.9175
63,59.9303
62,59.9414
61,59.9469
60,59.9525
59,59.9636
58,59.9692
57,59.9747
57,59.9808
56,59.9858
55,59.9914
58,59.9917
54,59.9969
53,60.0025
52,60.0081
60,60.0133
61,60.0264
51,60.0303
50,60.0414
49,60.0469
48,60.0692
47,60.08
62,60.1094
63,60.1406
64,60.155
48,60.1636
65,60.1731
47,60.1747
48,60.1858
47,60.1914
66,60.2308
67,60.2669
68,60.2744
69,60.3989
70,60.4386
71,60.5056
72,60.5164
73,60.5236
74,60.5886
73,60.625
72,60.6392
71,60.6633
70,60.6669
71,60.6886
70,60.7067
71,60.7211
70,60.7656
69,60.7697
68,60.7806
65,60.8039
64,60.8114
63,60.8186
62,60.8367
48,60.8414
61,60.8439
47,60.8469
60,60.8511
59,60.8583
58,60.8656
57,60.8728
56,60.88
55,60.8872
54,60.8944
53,60.9017
50,60.9297
49,60.9322
48,60.9431
47,60.9503
46,60.9572
45,60.9611
44,60.9683
43,60.9789
42,60.9864
39,61.0083
38,61.01
37,61.0175
36,61.0247
35,61.0319
34,61.0392
33,61.05
32,61.0897
31,61.115
30,61.1222
48,61.1358
49,61.1525
50,61.1914
31,61.1933
32,61.2078
33,61.2364
34,61.2692
35,61.2725
36,61.28
35,61.2872
51,61.3136
36,61.3161
52,61.4028
53,61.4306
54,61.4417
55,61.4639
56,61.475
37,61.5303
57,61.5528
39,61.5567
40,61.5625
39,61.5767
40,61.5842
56,61.5861
41,61.5914
42,61.5986
55,61.6139
54,61.6194
45,61.6267
46,61.6272
47,61.6369
48,61.6406
53,61.6417
52,61.6472
49,61.6478
50,61.6586
51,61.6639
50,61.6694
49,61.6806
57,61.7075
58,61.7167
59,61.7239
60,61.7311
61,61.7383
62,61.7492
63,61.7564
50,61.775
64,61.7853
51,61.7972
65,61.7997
66,61.8033
67,61.8106
68,61.8178
52,61.825
53,61.8361
69,61.8575
54,61.8583
55,61.9028
70,61.9189
56,61.925
57,61.9361
58,61.9531
72,61.9711
59,61.975
74,62.0986
60,62.1031
61,62.1194
62,62.2031
73,62.2161
72,62.2378
64,62.275
73,62.2794
65,62.3233
74,62.3508
64,62.4233
63,62.4456
62,62.4622
61,62.4733
60,62.4789
59,62.4844
58,62.49
57,62.5011
56,62.5122
73,62.5586
71,62.6369
69,62.6575
68,62.6792
67,62.715
66,62.7403
65,62.7619
64,62.7764
63,62.7908
62,62.7981
61,62.8089
60,62.8197
59,62.8306
58,62.8417
57,62.8678
58,62.9011
59,62.9247
59,62.9289
60,63.0344
61,63.0456
62,63.0511
58,63.0619
63,63.0733
59,63.0764
64,63.0956
61,63.1017
62,63.1233
63,63.1342
64,63.1414
65,63.1486
66,63.1594
67,63.2172
68,63.2533
65,63.29
66,63.3233
67,63.3678
66,63.3956
65,63.4011
69,63.4033
64,63.4122
63,63.4408
70,63.4947
71,63.5231
72,63.5844
73,63.6892
64,63.7236
72,63.7325
65,63.7903
64,63.9294
65,63.9458
66,63.9681
65,63.9792
66,63.9903
68,64.1181
71,64.1503
69,64.1569
70,64.1739
70,64.1958
71,64.2
69,64.2514
70,64.2878
68,64.2903
69,64.2958
71,64.3456
68,64.3458
69,64.3569
72,64.5267
71,64.5558
70,64.5633
68,64.5847
67,64.635
71,64.6614
72,64.6831
73,64.6903
68,64.7236
69,64.7572
70,64.7903
71,64.9619
72,64.9625
71,65.0069
72,65.035
72,65.0453
71,65.0597
71,65.0628
72,65.085
71,65.0961
72,65.1294
70,65.1789
71,65.1794
69,65.1933
66,65.2239
65,65.2244
64,65.235
63,65.2597
62,65.2961
61,65.3108
60,65.3181
59,65.3289
60,65.3469
72,65.3683
59,65.3722
60,65.3794
71,65.4072
72,65.4239
59,65.4794
73,65.4961
74,65.5128
58,65.6194
73,65.635
57,65.6628
56,65.6736
55,65.6808
72,65.6906
71,65.7128
54,65.7169
72,65.7183
53,65.7781
52,65.7928
51,65.8217
52,65.9014
53,65.9519
56,66.0025
59,66.0278
60,66.0386
61,66.0494
60,66.0747
61,66.0892
60,66.1183
61,66.1328
60,66.1692
61,66.1761
62,66.3292
71,66.4225
63,66.6083
72,66.6114
71,66.6281
72,66.7167
64,66.7711
71,66.7781
65,66.8508
72,66.8725
64,66.9086
71,67.2803
65,67.3133
70,67.3386
69,67.4386
64,67.4869
70,67.5164
64,67.5469
71,67.6275
63,67.6408
72,67.6497
62,67.6917
61,67.7025
73,67.7442
72,67.7886
71,67.8331
72,67.8608
59,67.9269
71,67.9775
56,68.01
55,68.1228
72,68.1386
54,68.1408
71,68.1886
53,68.1914
52,68.2058
51,68.2239
52,68.2347
51,68.2383
50,68.4592
51,68.4953
50,68.5097
49,68.5169
48,68.5278
47,68.5314
46,68.5386
41,68.5683
40,68.5742
39,68.5842
38,68.5878
37,68.5914
35,68.6253
34,68.6331
72,68.6831
33,68.7328
32,68.7903
31,68.8086
30,68.8231
29,68.8375
28,68.8664
27,68.9567
26,68.9819
71,69.0553
25,69.0697
72,69.1164
26,69.2039
27,69.2997
28,69.3106
27,69.3142
28,69.3433
29,69.3614
30,69.3758
31,69.4011
32,69.4156
71,69.4386
33,69.4914
72,69.5108
34,69.5167
35,69.5203
36,69.5275
37,69.5311
38,69.5383
39,69.5456
40,69.5492
41,69.5564
44,69.5803
45,69.5878
46,69.6094
47,69.6419
48,69.6489
49,69.6564
50,69.6636
51,69.6708
52,69.6781
53,69.685
54,69.6925
55,69.7069
56,69.7467
71,69.8331
54,69.8472
72,69.8497
53,69.8531
52,69.8856
71,69.8886
51,69.9
50,69.9142
49,69.9397
48,69.9542
72,69.9553
71,69.9997
45,70.1475
44,70.1511
42,70.1817
40,70.2047
39,70.2086
38,70.2197
37,70.2306
36,70.2378
35,70.2594
34,70.2775
33,70.2883
32,70.2919
31,70.2989
30,70.3028
28,70.3156
27,70.3225
26,70.3333
25,70.3442
24,70.3514
25,70.3839
24,70.4164
23,70.4272
22,70.4453
21,70.4814
72,70.5108
22,70.55
71,70.5553
23,70.5789
72,70.7164
71,70.8942
22,70.9986
21,71.0167
22,71.1539
72,71.1553
23,71.3489
24,71.36
25,71.3708
26,71.4211
27,71.4286
26,71.4392
25,71.4972
26,71.5153
25,71.6017
24,71.7392
23,71.7753
21,71.8511
20,71.8914
21,71.9167
22,71.9347
23,71.9489
22,71.9528
23,71.9564
24,71.9781
63,72.1497
62,72.1578
61,72.1633
60,72.1689
58,72.18
57,72.1856
55,72.1978
53,72.2103
52,72.2131
51,72.2186
50,72.2242
49,72.2297
48,72.2353
47,72.2408
46,72.2464
25,72.2511
45,72.2519
44,72.2575
43,72.2628
42,72.2686
41,72.2742
40,72.2797
39,72.2853
26,72.2906
38,72.2908
37,72.2964
36,72.3019
35,72.3075
34,72.3131
33,72.3186
32,72.3242
31,72.3297
30,72.3353
29,72.3408
28,72.3464
27,72.3575
28,72.3797
27,72.4031
27,72.4075
26,72.4131
25,72.4353
26,72.5244
27,72.5578
26,72.5633
28,72.5656
27,72.58
28,72.5856
29,72.6056
30,72.6128
31,72.6197
32,72.6272
33,72.6378
34,72.6489
35,72.6558
29,72.6856
36,72.6886
30,72.6967
31,72.7078
32,72.7133
33,72.7244
34,72.7411
35,72.7467
36,72.7522
37,72.7856
38,72.7967
39,72.8133
40,72.8189
41,72.83
42,72.8522
43,72.8578
44,72.8633
45,72.8744
46,72.8856
47,72.8967
48,72.9078
49,72.9133
50,72.9244
51,72.9356
52,72.9411
53,72.9522
54,72.9633
55,72.9689
56,72.9744
57,73.0244
59,73.0356
60,73.0411
61,73.0522
62,73.0578
37,73.0614
63,73.0689
38,73.0725
39,73.0869
64,73.0967
40,73.0975
65,73.1078
66,73.1189
41,73.1194
42,73.1303
43,73.1375
67,73.1856
44,73.1917
68,73.1967
45,73.1989
46,73.2058
69,73.2133
70,73.2189
47,73.2239
48,73.2419
49,73.2781
69,73.3411
68,73.3636
67,73.3744
68,73.4136
69,73.4247
70,73.4747
71,73.5358
72,73.5803
71,73.6303
50,73.7889
51,73.7997
52,73.8069
53,73.8178
54,73.825
55,73.8322
56,73.8392
57,73.8431
58,73.8503
72,73.8525
59,73.8572
73,73.8581
60,73.8647
61,73.8683
62,73.875
63,73.8828
64,73.89
65,73.8972
66,73.9081
67,73.9153
68,73.9225
69,73.9333
70,74.0092
71,74.0197
72,74.0308
72,74.0358
71,74.0581
72,74.0914
73,74.1136
72,74.1358
73,74.1525
71,74.1739
72,74.1775
73,74.1919
72,76.1122
73,76.3622
72,77.7747
71,77.7858
70,77.8081
69,77.8636
72,77.9456
73,78.0825
72,78.1406
73,78.1442
72,78.1478
73,78.1514
74,78.1728
75,78.1908
74,78.2236
73,78.2344
74,78.2417
73,78.2561
72,78.285
73,78.3097
74,78.3269
73,78.3486
74,78.3667
73,78.4361
72,78.4631
71,78.47
70,78.4775
69,78.4811
65,78.5114
64,78.5156
63,78.5228
62,78.5372
61,78.5444
60,78.5517
61,78.5553
60,78.5697
61,78.5878
70,78.6136
60,78.6203
61,78.6347
60,78.6492
61,78.6528
69,78.6969
62,78.7647
70,78.7914
63,78.8117
64,78.8261
69,78.8358
65,78.8478
66,78.8622
70,78.8692
67,78.9019
69,78.9133
68,78.9344
69,78.9669
70,78.9922
71,79.0303
68,79.0636
72,79.0736
73,79.1039
69,79.1081
70,79.1247
72,79.1478
69,79.2189
68,79.2914
67,79.3025
66,79.3081
65,79.3136
64,79.3192
63,79.3303
62,79.3414
61,79.3469
60,79.3581
59,79.3636
57,79.3803
58,79.4525
71,79.5125
57,79.5358
70,79.5775
58,79.5914
69,79.6061
68,79.6569
69,79.6964
70,79.785
71,79.8844
72,79.9494
73,79.9783
57,79.9914
72,80.0686
71,80.13
70,80.1842
56,80.1917
69,80.2239
68,80.2781
69,80.3142
55,80.325
70,80.3967
71,80.4042
56,80.4361
74,80.4381
57,80.4417
73,80.4714
58,80.4731
59,80.4903
60,80.5069
61,80.5236
62,80.5792
63,80.5903
64,80.6014
72,80.6053
65,80.6069
66,80.6125
67,80.6236
73,80.6686
68,80.6792
72,80.7083
69,80.7406
71,80.7553
70,80.7572
69,80.8683
70,80.8708
68,80.9294
71,80.9503
69,80.9517
70,80.9631
71,80.9847
75,81.0986
63,81.1017
62,81.1072
76,81.1094
61,81.1183
60,81.1239
77,81.1275
59,81.1294
58,81.135
57,81.1461
56,81.1517
55,81.1572
54,81.1628
76,81.1672
53,81.1739
52,81.1794
51,81.185
75,81.1853
50,81.1961
49,81.2072
48,81.2183
46,81.2294
45,81.2406
44,81.2461
43,81.2961
73,81.3417
42,81.3961
41,81.4017
42,81.4406
43,81.4517
72,81.4572
42,81.5294
41,81.5406
40,81.5572
39,81.5628
38,81.5906
37,81.6072
36,81.6294
34,81.685
33,81.6961
71,81.7122
32,81.7517
70,81.7881
71,81.8061
31,81.8239
32,81.9828
33,82.0106
70,82.4536
71,82.4753
74,82.5189
73,82.6689
72,82.7158
71,82.7267
70,82.7853
71,82.7889
70,82.7961
69,82.8394
70,82.9061
35,82.9719
36,82.9831
37,83.0275
38,83.0719
37,83.1053
71,83.1072
36,83.1108
35,83.1497
34,83.1608
72,83.1686
73,83.2014
33,83.2053
72,83.3353
34,83.3386
35,83.3667
36,83.3778
73,83.4075
37,83.4222
72,83.4403
71,83.4656
36,83.4778
70,83.4797
69,83.4836
68,83.4978
37,83.5222
38,83.5511
66,83.555
65,83.5608
64,83.5681
39,83.5767
63,83.5789
62,83.5933
61,83.6042
60,83.6075
40,83.61
58,83.6294
57,83.6367
56,83.6403
55,83.6511
54,83.6547
53,83.6617
41,83.6656
52,83.6692
51,83.6764
42,83.6822
50,83.6836
49,83.6944
48,83.7017
47,83.7089
46,83.7158
45,83.7233
44,83.7336
43,83.7375
41,83.7433
42,83.7486
41,83.7519
40,83.7544
37,83.7825
36,83.7864
43,83.7933
35,83.7936
44,83.7989
45,83.8044
46,83.8156
33,83.8167
47,83.8211
48,83.8322
49,83.8433
50,83.8711
51,83.8989
52,83.91
53,83.9322
32,83.935
54,83.9656
33,83.9892
55,84.0211
35,84.0303
56,84.11
57,84.1378
58,84.1433
59,84.1544
60,84.1656
59,84.2544
60,84.2875
61,84.4933
63,84.5656
36,84.5756
64,84.5767
65,84.5878
37,84.5936
38,84.6156
66,84.6267
39,84.6444
40,84.6553
41,84.6658
42,84.6697
43,84.6878
44,84.7094
45,84.7203
46,84.7419
47,84.7528
48,84.7742
49,84.7817
50,84.7889
51,84.7997
52,84.8142
53,84.8322
54,84.8431
55,84.8683
56,84.8756
57,84.8936
58,84.9044
60,84.9331
61,84.935
62,84.9581
63,84.9639
64,84.9733
65,84.9806
66,84.995
67,85.0275
68,85.0383
67,85.0711
68,85.1308
67,85.3544
69,85.3781
70,85.42
66,85.4269
70,85.4308
65,85.4381
66,85.4436
67,85.4881
68,85.4992
69,85.5033
70,85.5683
69,85.5714
69,85.5756
68,85.59
67,85.5972
66,85.6044
65,85.6189
64,85.6297
70,85.6714
63,85.6867
71,85.7492
72,85.7547
73,85.7658
64,85.8089
74,85.8214
75,85.8325
76,85.8492
77,85.8714
78,85.8936
72,86.0881
66,86.0894
71,86.0992
67,86.115
70,86.1267
68,86.2053
69,86.2828
66,86.2933
65,86.3014
66,86.3483
68,86.3997
67,86.4242
69,86.4331
68,86.4461
68,86.5886
69,86.5942
70,86.6219
66,86.6503
67,86.6539
66,86.69
67,86.7044
71,86.7331
70,86.7442
69,86.7717
68,86.7942
68,86.8308
69,86.865
68,86.9575
69,87.0014
66,87.1961
71,87.1983
65,87.2517
72,87.28
66,87.3072
73,87.3089
72,87.345
67,87.3461
73,87.3669
68,87.3742
72,87.4572
73,87.4644
72,87.4753
67,87.5186
73,87.5908
72,87.64
66,87.8075
67,87.8742
68,87.8908
68,88.4444
70,88.4464
71,88.4797
67,88.4864
66,88.5097
65,88.5169
72,88.5186
64,88.5314
62,88.5656
61,88.6128
60,88.6236
59,88.6308
58,88.6381
71,88.6394
57,88.6706
72,88.6783
56,88.6811
71,88.7561
57,88.8117
72,88.9506
56,88.985
55,88.9989
56,89.0392
57,89.05
58,89.0572
59,89.0681
60,89.1781
66,89.9047
67,90.1178
66,90.1756
67,90.3081
73,90.3619
72,90.3953
71,90.4064
70,90.4119
68,90.4286
67,90.4397
66,90.4453
65,90.4619
64,90.4675
63,90.4897
62,90.5175
61,90.5231
60,90.5342
59,90.6342
68,90.6478
60,90.7453
59,90.8161
69,90.8214
60,90.8772
59,90.9089
70,90.9358
60,91.0947
61,91.1058
72,91.1275
71,91.1417
60,91.2003
61,91.2058
70,91.2311
71,91.2317
60,91.2617
61,91.2672
68,91.3708
62,91.3925
67,91.4428
63,91.4483
66,91.4572
65,91.4789
64,91.4897
63,91.5175
64,91.595
65,91.6542
66,91.6611
64,91.7486
65,91.7553
66,91.7589
65,91.7625
65,91.7653
66,91.8042
67,91.8208
66,91.8219
68,91.8319
65,91.8364
69,91.8431
64,91.8436
63,91.8508
62,91.8581
70,91.8597
71,91.8708
61,91.8797
60,91.9122
72,91.9153
59,91.9233
58,91.9306
57,91.9414
71,91.9431
56,91.9486
55,91.9558
54,91.9667
53,91.9775
52,92.0117
51,92.0878
52,92.1131
53,92.1347
54,92.1747
72,92.1803
55,92.2
56,92.2072
57,92.2144
58,92.2214
59,92.2394
60,92.2469
61,92.2575
62,92.3611
73,92.3653
63,92.3756
64,92.3864
72,92.3986
71,92.4042
70,92.4097
69,92.4208
68,92.4264
67,92.4319
66,92.4431
65,92.4486
64,92.4542
63,92.4708
65,92.4769
62,92.4819
61,92.4875
60,92.4931
66,92.5636
59,92.6097
67,92.6106
68,92.6358
60,92.6375
69,92.69
59,92.7153
58,92.7264
57,92.7375
70,92.7514
56,92.7764
55,92.7819
73,92.8036
74,92.8075
75,92.8219
76,92.8325
77,92.8472
78,92.8706
56,92.9211
73,92.9314
72,92.9386
71,92.9733
57,92.9767
58,92.9933
70,93.0058
59,93.0211
71,93.0419
60,93.0767
61,93.0933
62,93.0989
63,93.11
64,93.1211
70,93.2167
63,93.2544
62,93.3042
71,93.3239
61,93.36
60,93.3711
59,93.41
58,93.4544
59,93.5322
60,93.5489
61,93.5544
62,93.5658
63,93.5714
64,93.5881
69,93.5978
65,93.5992
66,93.6158
67,93.6436
70,93.6556
68,93.6881
71,93.7242
69,93.7325
70,93.8014
70,93.8214
71,93.8342
72,93.8814
73,93.8908
71,93.8992
72,93.9503
72,93.9769
73,94.0103
71,94.1269
70,94.1325
69,94.1381
68,94.1492
67,94.1547
66,94.1603
65,94.1714
71,94.1744
64,94.1769
63,94.1936
62,94.2047
61,94.2158
60,94.2214
70,94.2378
59,94.2603
71,94.2847
70,94.3172
71,94.3244
58,94.3881
72,94.3933
59,94.4214
60,94.4381
59,94.4714
58,94.4825
57,94.4992
56,94.5047
55,94.5158
54,94.5269
71,94.5339
53,94.5436
52,94.5547
51,94.5769
70,94.6661
52,94.7106
53,94.7494
52,94.7606
51,94.7772
50,94.7828
49,94.7939
71,94.7964
48,94.805
47,94.8106
46,94.8161
45,94.8217
44,94.8325
43,94.8383
42,94.8494
41,94.855
40,94.8661
39,94.8717
38,94.8772
37,94.8828
36,94.8883
35,94.8994
34,94.905
33,94.9106
32,94.9161
30,94.9217
29,94.9269
28,94.9383
27,94.9494
28,94.9828
72,94.9972
73,95.0069
74,95.025
75,95.1006
29,95.1217
28,95.1272
27,95.1328
26,95.1383
25,95.1492
24,95.155
23,95.1606
22,95.1772
21,95.1883
20,95.1994
19,95.205
74,95.2092
18,95.2439
17,95.2661
16,95.2772
17,95.2939
73,95.2983
72,95.3089
71,95.32
16,95.3217
70,95.3236
69,95.3344
15,95.3606
65,95.3647
64,95.3714
16,95.3772
63,95.3797
17,95.3883
62,95.3978
61,95.4047
60,95.4122
61,95.4158
18,95.4161
19,95.4272
60,95.4303
20,95.4383
61,95.4483
60,95.4808
61,95.4989
60,95.5097
61,95.5131
59,95.5422
60,95.6436
59,95.6472
60,95.6581
59,95.6797
21,95.7661
22,95.7772
23,95.7828
58,95.8242
27,95.8253
28,95.8328
57,95.835
29,95.8361
30,95.8417
31,95.8472
33,95.8583
56,95.8594
34,95.8639
55,95.8661
35,95.875
36,95.8806
37,95.8861
38,95.8917
39,95.8972
40,95.9028
41,95.9083
56,95.9094
55,95.9203
54,95.9275
42,95.9361
53,95.9456
41,95.9694
42,95.975
44,95.9972
45,96.0028
46,96.0083
47,96.0139
48,96.0194
49,96.025
52,96.1417
54,96.1556
53,96.1639
54,96.1806
55,96.1972
55,96.2089
56,96.2528
57,96.2583
56,96.2617
58,96.2694
57,96.2728
59,96.2806
60,96.2861
58,96.2872
61,96.2917
59,96.2978
60,96.3306
61,96.3378
62,96.3414
63,96.3486
64,96.3558
65,96.3667
66,96.3775
67,96.3847
68,96.3919
69,96.3992
70,96.41
62,96.4139
63,96.4194
71,96.4208
72,96.4242
64,96.425
73,96.4317
74,96.4353
65,96.4361
75,96.4461
66,96.4586
76,96.4603
65,96.4642
64,96.4697
77,96.475
63,96.4753
76,96.4894
62,96.4919
75,96.5039
61,96.5242
76,96.5511
77,96.5656
60,96.5906
59,96.5961
58,96.6017
57,96.6183
75,96.6269
56,96.6294
74,96.6414
55,96.6461
54,96.6739
73,96.6881
74,96.6956
53,96.7072
73,96.7136
52,96.7183
72,96.7425
51,96.7517
73,96.7642
75,96.7817
76,96.7914
77,96.8058
52,96.8128
51,96.8294
78,96.8347
50,96.8517
79,96.8561
80,96.8672
51,96.8683
81,96.8889
82,96.8961
50,96.9069
81,97.02
79,97.1322
51,97.2072
78,97.25
52,97.2517
53,97.2628
77,97.2914
54,97.335
78,97.3381
77,97.3486
55,97.3572
76,97.3631
56,97.3683
75,97.3706
73,97.3847
57,97.385
56,97.3906
72,97.3958
55,97.4017
71,97.4031
70,97.4103
54,97.4128
69,97.4139
70,97.4211
55,97.4572
71,97.4736
54,97.4792
55,97.5017
56,97.535
57,97.5461
58,97.5628
59,97.5739
61,97.5906
62,97.6572
63,97.6683
64,97.6739
65,97.6794
66,97.685
67,97.7128
68,97.7183
69,97.7294
72,97.7661
73,97.8094
72,97.8328
70,97.835
71,97.8572
72,97.8628
71,97.8697
73,97.8739
70,97.8853
72,97.9239
76,97.9289
77,97.9453
71,97.9461
76,97.9561
72,97.9739
73,98.0058
72,98.0228
75,98.0233
73,98.0283
74,98.0414
73,98.0519
74,98.0558
73,98.2475
72,98.4211
71,98.7211
70,98.7319
71,98.7428
72,98.7569
71,99.0789
72,99.0897
73,99.1006
72,101.7669
71,101.7725
70,101.7947
69,101.9506
72,102.5433
73,102.5506
72,102.5797
71,102.5978
72,102.6083
71,102.6194
70,102.6444
72,102.6764
73,102.6794
74,102.6903
75,102.7122
74,102.7261
73,102.7519
72,102.7628
71,102.8069
70,102.8292
69,102.9633
68,102.985
67,103.0608
68,103.1403
69,103.1731
68,103.2586
67,103.3181
66,103.3253
70,103.3394
65,103.3508
64,103.3653
63,103.3797
66,103.4333
69,103.4394
67,103.4431
68,103.4611
67,103.4719
70,103.5286
69,103.5619
68,103.6008
68,103.62
69,103.6431
69,103.6453
70,103.6564
71,103.6619
72,103.6675
73,103.6786
74,103.6842
75,103.6897
76,103.7008
77,103.7175
68,103.7358
76,103.7675
75,103.7842
74,103.7897
73,103.8008
72,103.8119
73,103.8175
67,103.8239
66,103.8311
65,103.8456
64,103.8672
72,103.8675
63,103.8708
61,103.8956
60,103.9022
58,103.9261
56,103.9564
55,103.9631
54,103.9717
53,104.0006
52,104.0114
51,104.0222
52,104.0367
51,104.0439
52,104.1164
53,104.1561
54,104.1706
55,104.185
56,104.1958
59,104.2306
73,104.2731
72,104.3342
71,104.3397
72,104.3508
71,104.3897
70,104.4119
69,104.4397
58,104.4653
59,104.4689
58,104.4797
59,104.4978
60,104.5086
61,104.5158
68,104.5178
62,104.5267
63,104.5339
67,104.54
64,104.5411
66,104.5511
65,104.5556
65,104.5567
66,104.5592
67,104.57
64,104.5733
68,104.5808
69,104.5917
63,104.6011
70,104.6097
71,104.6169
62,104.6178
61,104.6289
60,104.7122
61,104.7622
62,105.1011
61,105.3622
60,105.4122
59,105.4289
58,105.4344
57,105.4456
52,105.4753
51,105.4831
50,105.4886
49,105.4997
48,105.5108
47,105.5164
46,105.5219
45,105.5275
44,105.5383
43,105.5442
42,105.5497
41,105.5553
40,105.5608
39,105.5664
38,105.5719
37,105.5775
36,105.5886
35,105.5942
34,105.6053
33,105.6108
32,105.6219
31,105.6275
30,105.6331
29,105.6442
28,105.6497
27,105.6775
28,105.7108
27,105.7219
26,105.7442
25,105.7664
24,105.7775
23,105.7831
22,105.7886
21,105.7997
22,105.8108
23,105.9264
24,106.0264
25,106.0319
26,106.1097
27,106.1708
28,106.1764
27,106.2042
28,106.2431
70,106.2464
29,106.2542
30,106.2597
31,106.2708
32,106.2764
33,106.2819
69,106.2922
35,106.2931
36,106.2986
37,106.3042
38,106.3097
39,106.3153
40,106.3208
41,106.3264
42,106.3319
43,106.3375
44,106.3486
45,106.3542
47,106.3653
48,106.3708
49,106.3819
50,106.3875
51,106.3986
52,106.4042
53,106.4097
55,106.4264
56,106.4375
57,106.4431
58,106.4542
59,106.4597
60,106.4708
68,106.5011
65,106.5353
64,106.5483
63,106.5519
62,106.57
61,106.8097
62,106.9264
63,106.9375
64,106.9653
65,106.9986
66,107.0042
67,107.0153
68,107.0319
61,107.0403
69,107.0653
70,107.1208
71,107.1486
72,107.1597
73,107.1653
72,107.1931
73,107.2656
74,107.2711
75,107.2822
76,107.2878
77,107.2989
78,107.3822
79,107.4211
80,107.4322
81,107.4544
82,107.4822
81,107.7489
80,107.76
62,107.8203
63,107.8383
64,107.8672
65,107.8817
66,107.8925
67,107.9142
68,107.9286
69,107.9575
70,107.9828
71,108.0525
73,108.1397
72,108.1614
71,108.6575
72,108.6647
71,108.8125
72,108.8342
71,108.9886
76,109.41
75,109.4156
74,109.4544
73,109.4656
72,109.5044
71,109.5211
72,109.6544
71,109.7378
72,109.8711
71,110.1492
72,110.16
71,110.2267
70,110.2378
69,110.2544
68,110.2767
67,110.3211
66,110.4044
65,110.4211
72,110.4244
64,110.4378
63,110.4489
62,110.46
61,110.4656
60,110.4767
59,110.4878
58,110.5156
57,110.5433
56,110.5767
71,110.6744
55,110.7658
56,110.7992
57,110.8047
58,110.8158
59,110.8269
60,110.8492
59,110.8769
60,110.8992
59,110.9103
58,110.9214
57,110.9381
56,110.9547
55,110.9714
56,110.9825
55,111.0161
54,111.0383
53,111.0883
54,111.1383
55,111.1994
56,111.2772
57,111.305
58,111.3606
59,111.5383
60,111.5494
61,111.5994
62,111.6272
63,111.6328
64,111.6494
65,111.6772
66,111.6883
67,111.7383
68,111.805
69,111.905
70,111.9772
75,112.3842
71,112.3883
76,112.4239
72,112.4272
71,112.5161
77,112.5286
76,112.5614
75,112.6886
74,112.6956
72,112.7164
71,112.7706
69,112.8378
68,112.8439
67,112.8589
66,112.8769
65,112.8914
64,112.9164
63,112.9311
60,112.9686
59,112.975
58,112.9803
57,112.9875
56,112.9983
73,113.0497
57,113.0744
74,113.0997
73,113.1775
72,113.2164
71,113.2275
58,113.2333
59,113.2622
72,113.3331
60,113.3633
62,113.3778
71,113.3886
63,113.3922
72,113.3942
64,113.4139
65,113.4319
66,113.4681
67,113.4897
68,113.515
69,113.5258
70,113.7783
69,113.7928
70,113.8072
71,113.8928
72,113.9289
73,113.965
74,113.9942
75,114.0122
71,114.0231
70,114.0897
74,114.135
71,114.1731
72,114.2175
73,114.22
72,114.2442
71,114.2664
72,114.2997
73,114.3164
71,114.3331
74,114.3617
72,114.4942
73,114.5183
72,114.5436
71,114.5608
71,114.5725
72,114.5886
71,114.6831
72,114.7164
73,114.7381
71,114.7386
74,114.7469
72,114.8219
75,114.8408
71,114.9664
74,114.9747
73,115.0972
72,115.1192
72,115.2942
71,115.3053
71,115.4225
72,115.4608
71,115.5108
72,115.5489
71,115.6817
72,115.685
73,115.7011
74,115.7119
75,115.7192
76,115.7264
77,115.7372
78,115.7617
72,115.7872
77,115.8192
78,115.8747
77,115.8858
76,115.9178
75,115.9236
74,115.9308
73,115.9381
72,115.9453
71,115.9525
70,115.9633
69,115.9739
68,115.9778
67,115.9886
66,115.9958
65,116.0031
64,116.0139
63,116.0283
60,116.0556
58,116.0706
57,116.0814
56,116.085
55,116.0922
54,116.1389
53,116.1828
54,116.2008
55,116.2117
73,116.265
72,116.3039
56,116.3053
71,116.315
70,116.3206
69,116.3317
68,116.3372
67,116.3428
66,116.3539
65,116.3594
63,116.3892
62,116.3914
61,116.4025
60,116.4081
57,116.4564
59,116.4578
60,116.4692
58,116.4822
61,116.5139
60,116.5639
59,116.5653
61,116.6306
58,116.6897
57,116.7036
56,116.7144
60,116.7194
57,116.7253
59,116.7306
58,116.7361
57,116.7472
56,116.7528
55,116.7639
56,116.7689
56,116.7694
55,116.8372
57,116.8594
54,116.8772
53,116.9061
58,116.9083
59,116.9194
52,116.9242
60,116.975
53,117.0256
61,117.0361
62,117.1308
63,117.1961
64,117.2017
54,117.2025
55,117.2169
65,117.2183
56,117.2242
66,117.2294
57,117.2314
67,117.235
68,117.2461
69,117.2517
58,117.2603
59,117.2639
70,117.2794
71,117.3017
60,117.3089
59,117.3125
60,117.3269
61,117.3414
62,117.3486
63,117.3594
64,117.3811
65,117.3883
66,117.3956
67,117.4064
68,117.4172
69,117.4283
72,117.4294
73,117.4794
70,117.4894
69,117.5489
70,117.6247
71,117.6975
70,117.7119
71,117.7192
70,117.7336
71,117.8383
70,117.8619
69,117.8875
72,117.9128
71,117.9183
72,117.9461
73,117.9572
70,117.9744
74,117.9847
73,117.9906
74,117.9961
71,118.0106
75,118.0239
78,118.1511
71,118.1519
79,118.1622
80,118.1692
81,118.1767
82,118.1872
83,118.1947
84,118.2019
85,118.2053
86,118.2128
87,118.2233
88,118.2344
89,118.2414
90,118.2489
72,118.2797
96,118.3011
71,118.3075
97,118.33
98,118.3336
99,118.3733
70,118.3908
71,118.6717
72,118.7272
98,118.75
97,118.7572
96,118.7644
95,118.7789
90,118.8114
89,118.815
88,118.8222
87,118.8258
86,118.8367
85,118.8547
84,118.8583
83,118.8656
82,118.8692
81,118.8761
77,118.9431
76,118.9539
75,118.9611
74,118.9683
73,118.9719
72,118.9792
71,118.9864
70,118.9936
69,119.0008
68,119.0117
67,119.0153
66,119.0225
65,119.0297
64,119.0406
63,119.0514
59,119.0969
58,119.1533
56,119.1786
55,119.1858
54,119.1928
53,119.2147
52,119.2219
51,119.2364
50,119.2581
73,119.3156
72,119.3433
71,119.36
70,119.3656
69,119.3711
68,119.3822
67,119.3878
66,119.4211
65,119.4322
49,119.4856
50,119.4928
51,119.5036
67,119.5189
68,119.5481
69,119.5747
70,119.5969
71,119.6081
72,119.6136
73,119.6192
74,119.6303
73,119.6358
71,119.6906
70,119.6922
52,119.775
51,119.7786
50,119.7858
51,119.8003
71,119.8058
50,119.8147
51,119.8328
52,119.84
53,119.8436
54,119.8508
55,119.8617
72,119.8669
56,119.8689
57,119.8761
58,119.8906
59,119.8978
60,119.905
61,119.9122
73,119.9372
62,119.9519
63,119.9592
64,119.9628
72,119.9706
66,119.9736
71,119.9817
70,119.9872
69,119.9928
67,119.9953
68,119.9983
73,120.1456
60,120.1483
61,120.1706
72,120.2469
73,120.2617
72,120.2797
71,120.3083
70,120.3158
69,120.3267
68,120.3339
67,120.3664
60,120.4094
59,120.415
66,120.4172
58,120.4206
57,120.4372
58,120.4483
59,120.465
65,120.4681
60,120.4706
61,120.4817
64,120.4825
62,120.4872
63,120.4897
61,120.5039
60,120.5206
64,120.5583
63,120.5728
61,120.6153
62,120.6375
61,120.6431
60,120.6542
59,120.6597
64,120.6633
58,120.6708
57,120.6819
56,120.6872
65,120.6886
57,120.6986
66,120.6994
58,120.7042
67,120.7067
68,120.7139
59,120.7208
60,120.7264
61,120.7319
69,120.7753
70,120.7861
71,120.8228
70,120.8372
71,120.9239
72,121.0
62,121.0042
63,121.0153
64,121.0208
65,121.0319
66,121.0375
73,121.0397
67,121.0431
68,121.0542
69,121.0597
70,121.0653
71,121.0708
72,121.0764
74,121.0986
76,121.1153
78,121.1417
77,121.1656
78,121.1767
79,121.2489
80,121.2544
81,121.2711
82,121.2878
72,121.2953
71,121.3097
72,121.3206
71,121.3278
81,121.36
70,121.3603
71,121.3711
80,121.3989
79,121.4211
73,121.4256
74,121.4328
78,121.4375
75,121.4436
73,121.4731
73,121.5014
72,121.5069
73,121.5181
74,121.5458
73,121.5514
72,121.6014
73,121.6125
72,121.6514
73,121.6792
74,121.6833
75,121.6942
74,121.7681
73,121.7736
74,121.7836
73,121.8119
74,121.8231
75,121.8733
76,121.8939
77,121.9047
76,121.9156
72,121.9236
75,121.9336
74,121.9408
73,121.9481
71,121.9514
71,121.9625
72,121.9903
72,121.9975
73,122.0336
73,122.0447
74,122.0517
72,122.0656
73,122.0767
75,122.0803
72,122.1044
76,122.1058
73,122.11
77,122.1131
76,122.1564
75,122.1636
74,122.1781
73,122.2033
74,122.3189
73,122.3406
72,122.3622
71,122.7189
72,122.7406
73,122.7692
72,122.8019
73,123.0156
72,123.0989
73,123.1822
72,125.8603
71,125.8658
70,125.8769
69,125.9269
72,126.2542
73,126.2647
74,126.2794
75,126.2975
74,126.3336
73,126.3444
74,126.3517
73,126.3625
72,126.395
73,126.3986
74,126.6297
73,126.6547
74,126.6731
73,126.7236
72,126.7586
70,126.8272
69,126.8381
65,126.8611
64,126.865
63,126.8722
62,126.8867
61,126.8939
60,126.9192
61,126.9372
60,126.9628
61,126.9772
60,126.9881
61,126.9953
62,127.0925
63,127.1217
64,127.165
66,127.1939
67,127.2119
68,127.2228
69,127.3411
68,127.3911
65,127.4506
64,127.4564
63,127.4619
62,127.48
61,127.4836
60,127.4908
61,127.4944
60,127.505
61,127.5269
60,127.5522
61,127.5558
70,127.6097
62,127.6172
63,127.6497
64,127.6606
71,127.6764
65,127.7039
72,127.7097
66,127.7292
67,127.7797
71,127.7986
68,127.8086
69,127.8267
70,127.8558
74,127.8708
75,127.8819
71,127.8828
72,127.9064
74,127.9153
73,127.9175
75,127.9375
74,127.9542
73,127.9653
72,127.9819
71,127.9875
74,127.9936
69,128.0042
68,128.0375
75,128.0406
67,128.0486
76,128.055
66,128.0597
77,128.0658
65,128.0875
76,128.0878
75,128.1094
74,128.1344
66,128.1433
73,128.1672
72,128.2003
73,128.2308
72,128.2736
71,128.3047
70,128.3661
69,128.4058
68,128.4347
69,128.4744
65,128.51
64,128.5156
63,128.5211
62,128.5322
61,128.5378
70,128.5483
71,128.5594
60,128.5656
72,128.5703
73,128.5739
74,128.5883
59,128.6044
58,128.6433
57,128.6711
73,128.6753
58,128.7103
59,128.7211
74,128.7369
60,128.7378
73,128.7622
61,128.7656
72,128.7767
71,128.7875
62,128.8044
63,128.8156
64,128.8267
65,128.8822
66,128.96
65,128.9767
66,129.9767
67,130.0433
68,130.0822
67,130.1044
66,130.1267
67,130.4044
70,130.4286
69,130.4539
68,130.4769
69,130.4825
70,130.4936
71,130.5047
72,130.5158
73,130.5325
72,130.5492
71,130.5714
68,130.5811
72,130.5992
73,130.6158
74,130.6603
73,130.7547
68,130.7619
69,130.7731
68,130.7839
72,130.7881
73,130.8047
65,130.8361
64,130.8433
63,130.8506
72,130.8603
62,130.865
61,130.8758
60,130.8794
59,130.8867
71,130.9047
60,130.9083
59,130.9156
72,130.9325
58,130.9661
71,130.9825
70,130.9936
69,131.0047
68,131.0103
67,131.0158
66,131.0269
65,131.0714
64,131.0825
65,131.1158
58,131.1172
66,131.1381
65,131.1492
66,131.1547
67,131.1658
66,131.3103
65,131.3492
63,131.5425
72,131.5439
73,131.555
64,131.5714
72,131.5883
71,131.5994
65,131.6056
66,131.6381
72,131.6383
73,131.6661
67,131.6814
68,131.7067
74,131.7217
69,131.7283
70,131.8022
71,132.0431
70,132.0536
69,132.0647
65,132.0956
64,132.0992
63,132.1131
62,132.1208
73,132.1217
61,132.1314
74,132.2661
60,132.2833
59,132.2906
58,132.3014
73,132.305
55,132.3458
54,132.3533
53,132.3714
52,132.3822
72,132.3939
51,132.4075
52,132.4256
51,132.4328
53,132.5378
54,132.5558
71,132.5606
55,132.5739
56,132.5811
59,132.6092
72,132.705
71,132.7883
72,132.8719
73,132.8922
72,132.8978
73,132.9033
74,132.9144
75,132.9256
76,132.9408
77,132.9686
76,132.9975
75,133.0131
74,133.0628
75,133.1522
74,133.1689
73,133.1911
72,133.2022
71,133.2078
72,133.2189
71,133.2633
70,133.2967
69,133.3244
68,133.3467
69,133.3897
58,133.4031
68,133.4106
57,133.4247
56,133.4428
55,133.4572
54,133.5475
53,133.5872
54,133.8367
55,133.8689
56,133.9486
57,133.9594
58,133.9703
70,134.0828
68,134.1011
69,134.1133
68,134.1408
70,134.1936
67,134.2019
66,134.2303
65,134.2464
64,134.2631
63,134.2797
62,134.3242
71,134.3311
61,134.3575
72,134.3672
62,134.4131
63,134.4242
73,134.4286
64,134.4408
65,134.4464
66,134.4686
67,134.4797
68,134.4908
69,134.5019
68,134.5075
69,134.5464
73,134.5897
70,134.5908
71,134.6186
74,134.6222
73,134.6258
74,134.6892
70,134.7133
73,134.7275
71,134.7356
74,134.7744
73,134.7783
74,134.7925
73,134.7964
72,134.8203
70,134.8356
69,134.8689
73,134.8808
68,134.9133
69,134.9522
70,134.9633
74,134.9717
71,134.9856
75,134.9861
72,134.9967
71,135.1356
73,135.1503
72,135.1831
73,135.2425
72,135.2536
71,135.2847
72,135.3542
73,135.4736
74,135.5061
72,135.5331
73,135.5603
73,135.5831
72,135.5856
74,135.5997
73,135.6036
75,135.6164
72,135.6422
76,135.6719
75,135.7219
74,135.7664
73,135.7831
72,135.7942
71,135.8053
72,135.8219
71,135.8664
70,135.8831
69,135.8994
68,135.9108
69,135.9275
68,135.9331
71,136.1747
69,136.1928
70,136.2069
71,136.2175
70,136.4114
71,136.4286
72,136.4758
70,136.5039
69,136.5575
71,136.6872
70,136.7925
72,136.8039
71,136.8142
72,136.8214
73,136.8628
71,136.9094
72,136.9261
71,136.9372
72,136.9592
72,136.9706
71,137.0706
73,137.1725
72,137.2317
73,137.2969
72,137.3156
74,137.3303
75,137.3414
76,137.3469
77,137.3581
78,137.3747
77,137.3969
73,137.4222
74,137.4344
78,137.4469
77,137.4636
76,137.4914
75,137.5025
74,137.52
73,137.5528
73,137.5553
74,137.5625
72,137.5917
71,137.6372
75,137.6425
76,137.6681
72,137.6742
71,137.7019
77,137.7225
76,137.7475
72,137.7519
71,137.7964
77,137.8056
72,137.8242
76,137.8489
75,137.8706
71,137.9019
76,137.9031
75,137.9139
74,137.9681
72,138.0075
73,138.0078
72,138.0256
73,138.0933
74,138.1042
71,138.1111
75,138.115
76,138.1222
72,138.1389
78,138.1597
77,138.3008
76,138.4072
75,138.4336
74,138.4378
73,138.5058
74,138.5458
73,138.5942
72,138.6086
73,138.6519
71,138.6833
72,138.6944
72,138.6956
71,138.7039
70,138.7147
69,138.7256
71,138.7778
72,138.7889
68,138.8747
67,138.9175
66,138.9247
65,138.95
64,138.9572
63,138.9644
62,138.9717
61,138.9753
59,139.0872
71,139.1
58,139.2344
59,139.2417
60,139.3103
61,139.3247
62,139.3861
63,139.4042
64,139.4731
65,139.5561
66,139.5706
67,139.6067
66,139.6178
67,139.6322
68,139.6808
72,139.7056
69,139.7064
70,139.7169
71,139.7667
73,139.8864
74,139.9025
72,139.9167
73,139.9278
72,139.9647
72,139.9833
71,139.9883
70,139.9992
71,140.0114
69,140.0172
68,140.075
73,140.0781
65,140.1053
64,140.1167
63,140.1275
72,140.1336
73,140.1447
62,140.1489
61,140.16
74,140.1669
60,140.1781
61,140.1817
60,140.1997
73,140.2003
72,140.2169
73,140.2336
61,140.2392
72,140.2447
71,140.2892
60,140.3044
72,140.3169
71,140.3503
70,140.3558
61,140.3622
69,140.3669
68,140.3725
67,140.3836
66,140.3947
65,140.4058
64,140.4225
63,140.4336
62,140.4447
61,140.4558
60,140.4669
59,140.4725
58,140.4836
57,140.4892
56,140.4947
55,140.5058
54,140.5114
53,140.5169
52,140.5281
51,140.5336
50,140.5392
60,140.5394
61,140.5467
49,140.5503
48,140.5558
47,140.5614
46,140.5725
45,140.5781
60,140.5792
59,140.5936
42,140.5947
41,140.6058
40,140.6114
39,140.6169
38,140.6336
37,140.6392
36,140.6503
58,140.6589
35,140.6614
34,140.6669
32,140.6919
31,140.6994
30,140.7081
57,140.7094
29,140.7136
28,140.7192
27,140.7303
26,140.7358
25,140.7414
24,140.7525
23,140.7581
22,140.7747
21,140.7858
22,140.7914
58,140.8325
21,140.8358
22,140.8525
23,140.8692
57,140.8906
58,140.8975
59,140.9447
58,140.9483
59,140.9592
58,141.0281
57,141.185
56,141.1994
24,141.2192
25,141.2581
26,141.2858
27,141.2969
28,141.3025
29,141.3081
30,141.3136
31,141.3192
32,141.3247
55,141.3294
33,141.3358
35,141.3581
36,141.3636
53,141.3686
35,141.3747
52,141.3758
36,141.3858
50,141.3989
49,141.4028
47,141.4294
46,141.4336
45,141.4481
44,141.4553
37,141.4636
43,141.4661
38,141.4692
39,141.4747
40,141.4969
41,141.5192
42,141.5303
44,141.5528
43,141.5636
44,141.5747
46,141.5781
43,141.5914
44,141.6025
46,141.6136
48,141.6247
49,141.6358
50,141.6469
51,141.6525
52,141.6636
51,141.6692
50,141.6969
49,141.7192
50,141.7469
51,141.7581
52,141.7636
53,141.7692
54,141.7803
55,141.7858
56,141.7914
57,141.8025
58,141.8081
59,141.8136
47,141.8203
60,141.8247
61,141.8303
62,141.8358
63,141.8469
64,141.8581
65,141.8636
66,141.8803
46,141.8961
67,141.8969
68,141.9025
69,141.9136
70,141.9192
47,141.9253
48,141.9347
71,141.9358
49,141.9433
72,141.9469
50,141.9506
51,141.9578
73,141.9581
52,141.965
53,141.9722
72,141.9747
54,141.9794
55,141.9903
56,141.9975
57,142.0011
73,142.0025
72,142.0081
58,142.0083
59,142.0156
63,142.1189
64,142.1225
65,142.1369
66,142.1514
71,142.1583
67,142.1586
68,142.1694
69,142.1767
70,142.1875
71,142.1983
72,142.2056
71,142.2378
72,142.2472
70,142.2706
71,142.2814
72,142.3053
73,142.3125
74,142.3197
75,142.3456
73,142.3458
76,142.3653
72,142.3792
71,142.3903
70,142.3958
69,142.4069
68,142.4125
67,142.4236
66,142.4292
65,142.4347
64,142.4456
63,142.4569
62,142.4681
61,142.4958
60,142.5014
77,142.505
78,142.5372
61,142.5517
62,142.585
63,142.5961
79,142.635
77,142.6906
76,142.7133
75,142.7294
74,142.7389
64,142.7461
73,142.7569
63,142.7739
64,142.8072
72,142.815
65,142.8183
66,142.8628
67,142.8739
68,142.8961
69,142.9017
71,142.9072
70,142.9128
70,142.9233
71,142.9294
71,142.9344
72,142.9633
72,142.9744
73,143.0128
72,143.1797
73,143.2583
71,143.2892
72,143.3111
73,143.3292
72,143.5353
71,143.5464
70,143.5967
71,143.6019
72,143.6242
73,143.6297
74,143.6742
73,143.8911
72,143.9467
71,143.9633
72,144.0189
73,144.2114
74,144.2225
75,144.2336
76,144.2392
77,144.2447
78,144.2614
77,144.2669
76,144.4336
75,144.4503
74,144.4892
73,144.5003
72,144.5225
73,144.5336
74,144.5503
75,144.5614
74,144.6156
72,144.6294
73,144.7103
73,144.7128
74,144.8825
73,144.9714
74,145.0103
73,145.0214
74,145.0547
75,145.1158
76,145.1269
75,145.1436
74,145.1603
73,145.2325
72,145.2603
71,145.3311
70,145.3533
71,145.7536
72,145.8036
71,145.8314
72,145.8425
73,145.8536
72,146.7961
73,146.8794
72,147.0461
73,147.1294
72,147.2128
73,147.2961
72,149.5258
71,149.5314
70,149.5425
69,149.5869
72,149.7017
73,149.7125
74,149.7306
75,149.745
74,149.7775
73,149.8061
74,149.8136
73,149.8242
72,149.8569
73,149.8603
74,149.9111
73,149.9292
74,149.9436
73,149.9978
72,150.0122
73,150.0303
72,150.0483
71,150.0881
70,150.1242
69,150.1583
68,150.1803
69,150.2308
68,150.2456
67,150.3122
66,150.3194
65,150.3447
64,150.3628
63,150.37
62,150.3767
61,150.3844
60,150.4025
59,150.4131
58,150.4242
70,150.4314
55,150.4556
69,150.4647
54,150.4658
68,150.4869
53,150.4875
52,150.4947
51,150.52
52,150.5344
69,150.5369
51,150.5381
68,150.5425
67,150.5647
66,150.5758
65,150.5814
64,150.5981
52,150.6069
63,150.6311
64,150.6317
53,150.6358
54,150.6644
55,150.6756
56,150.69
63,150.7028
59,150.7169
62,150.725
63,150.7417
64,150.7472
65,150.7528
66,150.7639
67,150.7861
68,150.7972
69,150.8028
70,150.8139
58,150.8294
59,150.8331
71,150.8361
72,150.8417
73,150.8472
74,150.8583
73,150.9083
72,150.9194
60,150.9703
71,150.9806
61,150.9811
62,150.9883
72,150.9917
63,151.0172
71,151.0417
70,151.0528
64,151.0569
69,151.0694
65,151.0858
66,151.1111
68,151.1306
67,151.1417
67,151.1436
66,151.1583
65,151.1694
64,151.1861
68,151.1906
63,151.1917
62,151.1969
61,151.2083
69,151.2303
60,151.2306
59,151.2417
70,151.2519
56,151.275
55,151.2806
71,151.2864
54,151.2917
72,151.3044
53,151.3306
73,151.3442
52,151.3694
72,151.3742
71,151.3922
51,151.4028
72,151.4325
73,151.4722
74,151.5408
73,151.5914
72,151.6022
73,151.6419
72,151.6764
71,151.7053
70,151.7519
52,151.7753
69,151.7992
68,151.8714
67,151.9147
51,151.9586
68,151.9839
69,151.9983
50,152.0142
68,152.0942
66,152.1789
65,152.1972
51,152.2031
64,152.2153
63,152.2406
62,152.2694
61,152.2767
60,152.2839
59,152.2911
58,152.2947
57,152.3056
56,152.3128
55,152.3453
56,152.5153
50,152.5697
49,152.6086
57,152.62
48,152.6697
58,152.6742
59,152.6886
47,152.7086
60,152.7353
61,152.7933
62,152.8042
63,152.8114
48,152.8142
64,152.8367
65,152.8439
66,152.8511
67,152.8583
49,152.8586
68,152.8692
69,152.88
68,152.8836
50,152.9142
67,152.9742
69,153.095
54,153.0975
70,153.1183
55,153.1261
56,153.1753
71,153.1872
57,153.2253
63,153.2714
64,153.2897
65,153.3008
66,153.3064
67,153.3119
68,153.3231
69,153.3342
70,153.3464
70,153.3508
71,153.3719
71,153.3731
72,153.3792
72,153.3842
73,153.3897
74,153.4064
75,153.4119
76,153.4175
77,153.4286
78,153.4397
73,153.4547
79,153.4564
81,153.4731
82,153.4842
83,153.4897
84,153.5008
85,153.5064
86,153.5119
88,153.5286
69,153.5356
89,153.5397
90,153.5453
91,153.5508
96,153.6008
97,153.6064
70,153.6219
98,153.6286
71,153.6328
99,153.6508
98,154.0511
99,154.0956
98,154.3956
97,154.4011
96,154.4344
90,154.4733
89,154.4789
88,154.4844
87,154.4956
85,154.5178
84,154.5233
83,154.5289
82,154.54
81,154.5456
80,154.5567
79,154.5622
78,154.5733
77,154.59
76,154.6178
74,154.64
73,154.6456
69,154.6778
68,154.6875
67,154.6931
69,155.0208
68,155.1431
67,155.1542
68,155.1819
70,155.5058
69,155.5311
68,155.6
67,155.6261
66,155.6367
67,155.6542
65,155.6547
64,155.6622
63,155.6694
62,155.6767
61,155.6803
66,155.7097
65,155.7372
60,155.7992
59,155.8103
58,155.8211
57,155.8283
56,155.8353
55,155.8428
54,155.85
53,155.8572
52,155.8644
51,155.8753
50,155.8861
49,155.8894
48,155.9006
47,155.9075
46,155.9114
37,155.9719
33,156.0031
32,156.0428
31,156.0933
30,156.1006
29,156.1403
28,156.1475
27,156.1617
26,156.1728
25,156.3353
26,156.3425
66,156.4931
27,156.5244
28,156.5461
67,156.5819
29,156.6003
30,156.6256
31,156.6364
32,156.6436
33,156.6544
34,156.6653
35,156.6725
36,156.6833
35,156.6869
36,156.7231
37,156.7519
38,156.7808
68,156.7986
39,156.8169
40,156.8242
41,156.8458
42,156.8494
43,156.8603
44,156.9
69,156.9042
45,156.9144
46,156.9397
71,157.2764
61,157.2781
72,157.3264
60,157.3575
61,157.3644
60,157.4081
61,157.4153
71,157.4708
62,157.4908
63,157.5219
70,157.5319
64,157.5406
69,157.5431
65,157.5547
68,157.5764
66,157.5803
67,157.6033
68,157.6142
69,157.6211
69,157.6431
70,157.6767
70,157.6775
71,157.7117
69,157.7211
70,157.73
71,157.7589
72,157.7733
68,157.7822
67,157.7933
71,157.8203
66,157.8489
65,157.86
64,157.8656
63,157.8711
62,157.8822
61,157.8878
59,157.9044
58,157.9267
70,157.9364
57,157.9378
56,157.9433
55,157.9544
75,158.0917
54,158.0933
76,158.1061
53,158.1156
75,158.1169
54,158.1269
53,158.1436
52,158.1658
76,158.1858
51,158.1936
77,158.2111
50,158.2158
49,158.2325
75,158.2569
48,158.2603
74,158.2639
47,158.2714
46,158.2822
44,158.2933
43,158.3044
42,158.31
41,158.3156
40,158.3211
39,158.3325
37,158.3436
36,158.3547
72,158.3617
34,158.3658
33,158.3769
32,158.3825
31,158.3936
32,158.5047
74,158.5067
75,158.5214
33,158.5381
34,158.5881
36,158.6047
37,158.6436
76,158.6444
75,158.6556
39,158.6603
40,158.6658
41,158.6714
42,158.6881
44,158.7103
46,158.7381
47,158.7603
52,158.8214
53,158.8269
54,158.8547
55,158.8658
56,158.8825
55,158.8881
56,158.8936
57,158.9269
58,158.9381
57,158.9436
59,159.0269
60,159.0492
61,159.1325
74,159.4178
73,159.4322
72,159.4611
73,159.4683
72,159.4972
60,159.5703
61,159.6758
62,159.6869
61,159.7203
62,159.8425
63,159.8536
64,159.8647
65,159.8758
66,159.9036
67,159.9203
68,160.1425
71,160.1839
69,160.1869
70,160.2125
72,160.2433
68,160.2536
71,160.2547
69,160.2869
70,160.3897
71,160.4042
72,160.4611
70,160.4647
73,160.4936
74,160.5189
71,160.5425
72,160.6092
73,160.6622
71,160.6758
72,160.7314
71,160.7925
72,160.8519
72,160.9344
71,161.0506
72,161.0542
73,161.1253
74,161.1325
75,161.1756
76,161.2047
78,161.2647
77,161.2653
78,161.2753
72,161.5414
71,161.5508
72,162.0147
71,162.2033
70,162.2214
69,162.3472
70,162.3947
71,162.4206
72,162.6283
73,162.6319
72,162.6594
71,162.6908
72,162.8014
73,162.87
72,162.9497
71,163.0942
70,163.1158
69,163.1519
68,163.2936
71,163.3997
72,163.5217
67,163.5339
71,163.5442
66,163.5486
72,163.5775
71,163.5831
65,163.5936
64,163.6153
63,163.6697
72,163.7275
62,163.7511
61,163.7619
60,163.7908
73,163.9164
72,163.9331
59,163.9361
71,163.9442
70,163.9497
69,163.9608
68,163.9664
67,163.9719
66,163.9775
65,163.9886
64,163.9942
57,164.0006
63,164.0053
56,164.0144
55,164.0575
62,164.0611
63,164.0722
54,164.0794
53,164.1133
65,164.1444
54,164.15
66,164.1611
55,164.1681
64,164.1778
63,164.1833
56,164.1894
62,164.2056
61,164.2167
60,164.2556
57,164.2583
59,164.2667
60,164.3278
61,164.3667
60,164.4056
61,164.45
62,164.5111
63,164.5556
62,164.6
61,164.6056
58,164.6125
59,164.6339
60,164.6389
61,164.6611
60,164.6847
61,164.7267
60,164.7333
59,164.7444
58,164.75
57,164.7611
56,164.7722
55,164.7778
56,164.7944
55,164.8222
54,164.8486
62,164.8711
63,164.8892
53,164.9153
64,164.9256
54,164.9819
55,164.9986
56,165.01
57,165.0208
58,165.0822
59,165.0878
60,165.1489
61,165.1822
60,165.21
65,165.2144
61,165.2322
64,165.2867
63,165.3011
60,165.4378
59,165.4433
64,165.4672
56,165.4767
55,165.4933
54,165.5044
66,165.5269
53,165.5378
52,165.5711
67,165.5922
51,165.5986
68,165.5994
69,165.6103
70,165.6211
50,165.6433
72,165.6478
51,165.6489
52,165.66
73,165.6661
74,165.6806
51,165.6881
52,165.7047
75,165.7169
53,165.7325
54,165.7603
53,165.7658
54,165.7769
74,165.7856
55,165.8103
73,165.8183
56,165.8214
59,165.8547
72,165.8667
60,165.8714
71,165.8739
70,165.8811
69,165.8883
68,165.8956
65,165.9186
64,165.9228
63,165.9297
62,165.9444
61,165.9517
61,165.9547
60,165.9589
59,165.9697
58,165.9769
57,165.9839
56,165.995
57,165.9986
62,166.0325
63,166.0492
56,166.0528
55,166.06
64,166.0683
65,166.12
56,166.1483
66,166.1533
57,166.1769
67,166.1978
58,166.2167
57,166.2458
56,166.2747
66,166.2811
55,166.2819
67,166.2922
68,166.3033
54,166.3217
53,166.3397
52,166.3542
69,166.3589
51,166.3686
70,166.37
71,166.395
72,166.4492
52,166.4989
73,166.5436
72,166.5492
53,166.5567
54,166.5928
71,166.6381
55,166.665
72,166.6714
56,166.6833
55,166.6944
54,166.7053
53,166.7558
52,166.7667
51,166.7992
50,166.81
49,166.84
50,166.8833
51,166.8939
52,166.9011
53,166.9047
57,166.9289
58,166.9358
59,166.9394
60,166.9467
61,166.9503
62,166.9575
63,166.9647
64,166.9792
65,166.9864
66,166.9936
68,167.1992
60,167.2003
69,167.2269
59,167.2294
60,167.2403
70,167.2436
61,167.2511
62,167.2583
63,167.2811
64,167.3178
63,167.3792
62,167.39
61,167.3972
71,167.3992
62,167.4044
70,167.4047
69,167.4439
68,167.455
63,167.4917
69,167.505
70,167.5272
71,167.5383
64,167.6
72,167.6161
65,167.6214
66,167.6289
67,167.6361
68,167.6433
69,167.6469
70,167.6575
71,167.7106
73,167.7883
74,167.805
72,167.8172
73,167.8244
75,167.8272
74,167.8353
76,167.8994
75,167.9272
74,167.9661
73,167.98
73,168.005
74,168.0217
73,168.0272
74,168.1464
73,168.1975
74,168.2331
72,168.2414
75,168.2497
71,168.29
76,168.2942
75,168.3442
74,168.3997
73,168.4161
70,168.4856
69,168.4964
65,168.5239
64,168.5272
63,168.5344
62,168.5453
61,168.5525
60,168.5597
61,168.5633
60,168.5742
61,168.5922
60,168.625
61,168.6394
60,168.7117
61,168.7192
62,168.795
63,168.8019
64,168.8094
63,168.86
74,168.9053
62,168.9214
61,168.9286
60,168.9358
59,168.9431
73,168.9775
60,169.3122
61,169.3194
62,169.3303
63,169.3556
64,169.3664
65,169.3881
66,169.3989
67,169.4567
68,169.4964
72,169.6219
71,169.6386
72,169.6778
73,169.7
72,169.7278
69,169.7353
73,169.7444
70,169.7461
71,169.7569
74,169.7611
72,169.7678
73,170.0556
71,170.0889
72,170.1169
73,170.1242
72,170.2
73,170.3014
72,171.0514
73,171.1347
72,171.2178
73,171.3847
72,172.8847
73,172.9681
72,173.1347
73,173.2181
72,173.7222
71,173.7331
70,173.7553
69,173.8108
72,173.8228
73,173.8264
74,173.8517
75,173.8658
74,173.9019
73,173.9239
74,173.9311
73,173.9419
72,173.9708
73,173.9781
74,174.0069
73,174.0283
74,174.0394
73,174.0611
74,174.0825
73,174.1367
72,174.1619
73,174.1964
72,174.2144
71,174.2472
70,174.2553
70,174.2906
69,174.3158
68,174.3556
69,174.3608
69,174.3844
68,174.4053
69,174.4164
70,174.4228
69,174.4258
70,174.4442
69,174.4775
70,174.4797
71,174.4892
70,174.5053
69,174.5442
72,174.5581
73,174.5867
74,174.6594
75,174.6775
76,174.6847
77,174.6956
78,174.71
79,174.7242
78,174.7533
68,174.7667
77,174.7678
69,174.7889
76,174.7964
70,174.8111
74,174.8183
73,174.8289
72,174.84
71,174.8506
70,174.8581
69,174.8653
68,174.8725
65,174.8975
64,174.9033
71,174.9333
72,174.9389
65,174.9431
73,174.95
66,174.9575
74,174.9833
75,174.9944
67,175.0117
68,175.0639
69,175.0783
61,175.1922
71,175.1947
60,175.1958
61,175.1994
70,175.2058
60,175.2139
69,175.2836
61,175.2933
60,175.3475
61,175.3692
60,175.4019
61,175.4056
68,175.4058
69,175.4169
68,175.4836
67,175.4892
66,175.4947
65,175.5058
62,175.5103
64,175.5111
63,175.5225
62,175.5336
63,175.5608
61,175.5892
64,175.5897
60,175.6336
65,175.6403
59,175.6444
58,175.6558
57,175.6614
66,175.6619
56,175.6669
54,175.6781
52,175.6836
51,175.6892
50,175.6947
67,175.6981
49,175.7003
48,175.7058
47,175.7169
46,175.7225
45,175.7281
44,175.7336
43,175.7392
42,175.7447
41,175.7503
65,175.7511
64,175.7542
40,175.7558
38,175.7614
37,175.7667
36,175.7725
33,175.7836
32,175.7892
30,175.7947
29,175.8003
62,175.8011
28,175.8058
27,175.8114
26,175.8225
61,175.8264
25,175.8336
60,175.8372
24,175.8447
59,175.8481
23,175.8503
22,175.8558
21,175.8614
20,175.8669
19,175.8725
18,175.8781
17,175.8892
16,175.8947
15,175.9003
14,175.9058
12,175.9169
11,175.9225
10,175.9336
60,175.9456
59,175.9744
60,176.0033
59,176.0286
60,176.0322
59,176.0358
0,176.0428
60,176.0611
1,176.1325
59,176.1511
60,176.2778
61,176.3247
60,176.3361
59,176.3542
60,176.3897
61,176.4358
60,176.4539
61,176.6631
60,176.6742
61,176.6922
60,176.7247
61,176.7392
60,176.7536
61,176.7611
62,176.8006
63,176.8225
64,176.8406
65,176.9033
66,177.1011
67,177.1228
68,177.1492
69,177.2292
70,177.2561
71,177.3378
70,177.3631
71,177.3881
0,178.4383
1,178.5494
2,178.5606
3,178.5661
4,178.5772
5,178.5883
6,178.5939
7,178.5994
8,178.605
9,178.6106
10,178.6217
11,178.6328
12,178.6439
14,178.6494
15,178.655
16,178.6606
17,178.6661
18,178.6772
19,178.6828
20,178.6883
21,178.6939
22,178.6994
25,178.7217
26,178.7328
27,178.7436
28,178.755
27,178.8828
26,179.1075
27,179.2364
70,179.245
69,179.2769
28,179.4531
68,179.4722
67,179.4947
66,179.5556
67,179.5686
68,179.5978
69,179.6267
29,179.6475
28,179.6808
29,179.6975
70,179.7039
28,179.7142
27,179.7308
28,179.7364
27,179.7864
26,179.7919
72,179.7961
73,179.8608
27,179.8756
31,179.9033
32,179.9089
33,179.92
34,179.9256
35,179.9367
36,179.9478
74,179.9667
73,180.0381
72,180.0447
73,180.1758
72,180.2419
37,180.2711
38,180.2822
71,180.2881
39,180.2933
40,180.3211
72,180.3228
66,180.7325
71,180.7344
67,180.7436
68,180.7825
72,180.8331
73,180.8764
72,180.8981
71,180.9089
70,180.9197
69,180.9306
68,180.9342
65,180.9581
64,180.965
63,180.9758
62,180.9867
61,180.9939
60,181.0083
59,181.0119
60,181.1533
59,181.2019
60,181.2525
61,181.2631
67,181.2769
62,181.285
63,181.3211
66,181.3436
67,181.3714
64,181.3789
65,181.4006
66,181.4128
67,181.4203
68,181.4347
69,181.4564
68,181.5769
70,181.5969
71,181.6158
72,181.6519
67,181.7103
66,181.7269
73,181.7353
65,181.7492
72,181.7678
64,181.7714
63,181.7769
73,181.8814
64,181.8825
63,181.9103
74,181.9289
75,181.9394
76,181.9722
74,182.0983
64,182.1328
72,182.1783
65,182.2217
71,182.2981
64,182.2994
63,182.3106
62,182.3272
73,182.3486
61,182.3767
74,182.3839
75,182.3983
60,182.4025
76,182.4092
59,182.4136
77,182.42
58,182.4247
57,182.4358
78,182.4381
56,182.4414
55,182.4469
77,182.4489
54,182.4525
53,182.4636
52,182.4692
76,182.4742
51,182.4747
50,182.4858
49,182.5025
48,182.5136
49,182.5469
50,182.5636
75,182.6053
51,182.6361
52,182.6417
74,182.6547
53,182.6583
54,182.6639
73,182.6725
55,182.675
56,182.6806
57,182.6917
58,182.6972
57,182.7472
74,182.8444
56,182.8639
75,182.8661
55,182.8917
56,182.8972
55,182.9139
74,182.9239
54,182.925
53,182.9306
73,182.9383
52,182.9417
74,182.9853
51,183.0139
52,183.0361
59,183.2472
58,183.2694
59,183.3083
73,183.3131
74,183.3386
73,183.3769
72,183.3986
60,183.4083
73,183.42
61,183.4417
72,183.53
62,183.5306
63,183.5417
64,183.5472
65,183.5583
66,183.5806
67,183.5917
68,183.6083
69,183.6194
68,183.6306
69,183.6472
70,183.7639
69,183.8139
68,183.8583
69,183.8694
68,183.9861
71,184.0114
69,184.0139
68,184.1031
69,184.1086
70,184.1761
71,184.1869
70,184.3253
73,184.3839
72,184.4125
71,184.4253
72,184.4475
71,184.4944
71,184.5017
72,184.5183
71,184.5294
70,184.5306
71,184.5847
72,184.5906
71,184.6406
70,184.6461
69,184.6572
68,184.6628
67,184.6683
66,184.685
65,184.6961
64,184.7072
69,184.7156
68,184.7206
63,184.7239
67,184.7267
66,184.7903
67,184.7969
66,184.8306
62,184.8406
65,184.8486
61,184.8517
60,184.8572
58,184.8683
64,184.8775
57,184.8794
56,184.885
55,184.9072
56,184.9183
55,184.9794
63,185.0111
56,185.0406
57,185.0461
58,185.0572
59,185.0628
60,185.0683
62,185.0961
63,185.1072
64,185.1183
65,185.1461
66,185.1572
67,185.1739
68,185.185
69,185.1961
62,185.2303
70,185.2406
71,185.285
63,185.2919
64,185.3572
63,185.4006
64,185.4367
72,185.4739
63,185.5017
62,185.545
61,185.5594
60,185.5956
61,185.6136
71,185.6294
60,185.6464
61,185.6644
60,185.6936
72,185.7072
61,185.7081
60,185.7297
58,185.7658
71,185.7781
56,185.7839
55,185.8092
72,185.9225
71,186.0003
54,186.0219
70,186.0333
53,186.0547
69,186.0558
52,186.0908
68,186.0947
53,186.1197
54,186.1306
67,186.1392
66,186.1614
55,186.1631
56,186.2822
60,186.3003
59,186.3058
54,186.3294
56,186.3392
55,186.395
54,186.4561
55,186.4669
54,186.4706
52,186.5061
55,186.5392
51,186.545
52,186.5617
51,186.5672
56,186.6258
57,186.68
52,186.6839
51,186.745
52,186.7672
58,186.7742
51,186.845
52,186.8561
59,186.8572
58,186.8608
51,186.8617
52,186.8672
51,186.8728
59,186.8825
52,186.9006
51,186.9228
52,186.945
58,186.9628
51,186.9728
52,186.9839
51,187.1006
52,187.1172
53,187.1506
59,187.1569
54,187.1672
58,187.1819
55,187.1839
57,187.1919
56,187.195
59,187.2283
60,187.245
56,187.2533
57,187.3025
56,187.3064
61,187.3228
62,187.3783
63,187.3894
64,187.4192
55,187.4225
63,187.4464
56,187.4731
57,187.5275
64,187.5519
65,187.5631
58,187.5781
66,187.5853
67,187.5964
66,187.6964
65,187.7075
59,187.7081
64,187.7186
63,187.7297
62,187.7575
61,187.7686
58,187.7803
60,187.8019
59,187.8131
58,187.8186
57,187.8297
57,187.8706
56,187.8817
55,187.8925
54,187.9322
58,187.9356
59,187.9411
55,187.9467
57,187.9947
56,188.0539
63,188.0856
57,188.0972
65,188.1247
67,188.1414
58,188.1697
59,188.195
58,188.2275
68,188.2525
57,188.2531
56,188.2675
55,188.2817
54,188.3033
55,188.3289
69,188.33
68,188.3358
56,188.3419
67,188.3689
66,188.3858
65,188.4025
57,188.4036
66,188.4081
67,188.4358
68,188.4581
56,188.4794
55,188.4903
54,188.4975
55,188.5156
56,188.6186
57,188.6439
56,188.7089
55,188.7378
56,188.7814
57,188.7922
58,188.8067
59,188.8283
67,188.8636
66,188.8692
60,188.89
61,188.9081
62,188.9156
65,188.9192
63,188.9228
64,188.9358
64,188.9372
63,188.9414
62,188.9525
61,188.9581
60,188.9636
63,188.9661
59,188.9747
58,188.9803
57,188.9858
56,188.9914
55,188.9969
54,189.0025
53,189.0081
52,189.0192
51,189.0247
50,189.0303
49,189.0414
62,189.0419
48,189.0469
49,189.0581
50,189.1081
51,189.1136
52,189.1247
53,189.1414
63,189.1647
54,189.1858
55,189.1969
56,189.2025
64,189.2119
57,189.2192
59,189.23
63,189.2336
60,189.2358
61,189.2411
62,189.2489
62,189.2517
63,189.2567
61,189.2589
60,189.2661
64,189.2678
59,189.2733
65,189.2844
66,189.2956
67,189.3233
68,189.3344
69,189.3456
58,189.3531
59,189.3892
70,189.4122
58,189.4358
71,189.44
72,189.4511
73,189.4622
57,189.4939
56,189.5047
55,189.5119
72,189.5458
54,189.5481
53,189.5769
71,189.6236
72,189.6458
71,189.6736
52,189.6928
53,189.7181
72,189.7403
54,189.7433
55,189.7758
71,189.7792
72,189.8403
71,189.8458
54,189.9675
55,190.0003
72,190.0069
56,190.0183
71,190.0347
57,190.0469
72,190.0681
58,190.0689
71,190.0847
59,190.0869
72,190.1403
71,190.2236
72,190.2958
58,190.3056
59,190.3344
58,190.3456
59,190.3525
60,190.36
61,190.3672
62,190.3744
63,190.3817
64,190.3961
65,190.4033
66,190.4067
67,190.4142
68,190.4261
69,190.4483
70,190.4664
71,190.4772
72,190.4969
73,190.5225
74,190.5517
71,190.6014
72,190.6181
73,190.9169
72,190.9314
71,190.9456
72,191.01
73,191.0194
71,191.0625
72,191.0847
74,191.0917
75,191.1025
76,191.1133
77,191.1242
78,191.1386
77,191.1458
75,191.1728
74,191.1803
73,191.1878
72,191.1983
71,191.2128
70,191.2344
72,191.2656
73,191.2692
74,191.2767
75,191.2872
74,191.2983
73,191.3272
72,191.3669
71,191.4769
70,191.4808
71,191.4953
72,191.5603
71,191.5792
73,191.5928
74,191.6217
73,191.6325
72,191.6681
72,191.6686
73,191.6975
72,191.7047
71,191.7292
71,191.7372
70,191.7403
72,191.7408
69,191.7514
68,191.7569
67,191.7625
73,191.7661
66,191.7736
65,191.7792
74,191.7878
64,191.7903
63,191.7958
62,191.8011
61,191.8069
60,191.8125
59,191.8181
58,191.8236
57,191.8292
56,191.8347
55,191.8403
54,191.8514
75,191.8669
76,191.8853
77,191.9069
55,191.9072
56,191.9183
57,191.9294
58,191.9628
78,191.9828
59,191.985
60,192.0072
80,192.0178
67,192.1406
68,192.1572
69,192.1961
70,192.2072
71,192.2294
72,192.2683
71,192.3683
72,192.4239
77,192.5828
76,192.5997
75,192.6322
76,192.6467
75,192.6903
74,192.7083
73,192.7156
72,192.7228
71,192.7372
70,192.8133
71,192.8856
73,193.1853
72,193.2178
74,193.2353
75,193.2519
76,193.3186
71,193.3442
77,193.3519
72,193.3586
78,193.3797
77,193.3908
76,193.4186
75,193.4353
74,193.4519
75,193.4797
76,193.4908
75,193.5131
73,193.5394
74,193.5408
73,193.5464
72,193.5908
73,193.5964
72,193.6075
73,193.6186
72,195.6481
73,195.7314
72,195.9814
73,196.1481
72,197.7819
73,197.7964
72,197.8569
71,197.8625
70,197.8792
74,197.9008
75,197.9156
69,197.9181
74,197.9517
73,197.9625
74,197.9697
73,197.9806
72,198.0167
73,198.0239
74,198.0708
73,198.0922
72,198.1144
71,198.1217
70,198.1397
71,198.1542
70,198.1614
71,198.1722
70,198.1939
69,198.2008
68,198.2083
65,198.2314
64,198.2353
63,198.2425
62,198.2533
61,198.2606
60,198.2858
59,198.2967
57,198.3172
56,198.3206
55,198.3278
54,198.3314
53,198.3386
52,198.3422
51,198.3494
50,198.3531
49,198.3603
48,198.3639
47,198.3786
46,198.3856
45,198.3892
44,198.3964
43,198.4
42,198.4036
41,198.4108
40,198.4144
39,198.4217
38,198.4253
37,198.4325
36,198.4361
35,198.4397
34,198.4433
28,198.4717
27,198.4783
26,198.4925
25,198.5036
24,198.5144
70,198.5181
23,198.5217
22,198.5286
21,198.5361
20,198.5433
19,198.5467
18,198.5542
17,198.5614
16,198.5686
15,198.5758
14,198.5828
13,198.5867
12,198.5939
11,198.5975
10,198.6047
69,198.6125
9,198.6478
68,198.6514
8,198.655
69,198.6625
6,198.6697
5,198.6769
4,198.6842
3,198.6878
70,198.6958
69,198.7292
1,198.7342
0,198.7653
68,198.7736
1,198.8086
2,198.8231
3,198.8339
67,198.8403
66,198.8569
7,198.8661
8,198.8722
9,198.8825
65,198.9458
10,199.0525
11,199.0778
13,199.1139
14,199.1175
15,199.1356
16,199.1464
17,199.1572
18,199.1789
17,199.1969
18,199.2294
19,199.2731
20,199.2997
21,199.3286
20,199.3433
21,199.3828
22,199.3939
23,199.4517
22,199.4661
20,199.4928
19,199.5314
18,199.5386
19,199.6072
20,199.6289
21,199.6397
22,199.6867
23,199.7192
24,199.8169
25,199.8494
26,199.9072
27,199.9433
26,199.9647
27,199.9903
28,200.0228
29,200.1672
31,200.2142
32,200.2286
33,200.2322
34,200.2394
35,200.2647
36,200.2972
37,200.3189
38,200.3297
39,200.3369
40,200.3442
41,200.3478
42,200.3586
43,200.3658
46,200.3914
47,200.3972
48,200.4044
49,200.4117
50,200.4225
51,200.4297
52,200.4333
53,200.4406
54,200.4478
55,200.455
66,200.4625
57,200.4717
58,200.4753
59,200.4825
60,200.4897
61,200.4933
62,200.5006
63,200.5078
65,200.5125
64,200.5294
65,200.5403
66,200.5511
67,200.5583
68,200.5619
69,200.5728
70,200.5981
71,200.6578
66,200.7069
70,200.7119
67,200.7181
71,200.7189
72,200.7336
73,200.8175
72,200.8333
66,200.9125
65,200.9181
71,200.9289
64,200.9292
72,200.9361
73,200.9506
63,200.9569
76,201.0989
64,201.1236
63,201.2125
75,201.2267
61,201.2292
60,201.2347
59,201.2403
74,201.2447
58,201.2458
57,201.2569
56,201.2625
55,201.2681
54,201.2736
73,201.2808
53,201.2958
72,201.3061
52,201.3181
51,201.3292
50,201.3403
71,201.3422
49,201.3625
48,201.3847
70,201.4308
47,201.4403
46,201.4458
45,201.4514
44,201.4569
43,201.4625
42,201.4681
41,201.4792
40,201.4847
39,201.4903
38,201.4958
37,201.5014
36,201.5069
35,201.5125
71,201.5142
34,201.5181
33,201.5236
24,201.8442
73,201.8753
25,201.8831
74,201.9419
26,201.9553
27,202.0053
28,202.0164
29,202.0219
30,202.0311
31,202.0389
32,202.0431
33,202.0486
34,202.0931
71,202.1225
33,202.1708
32,202.1819
31,202.2097
30,202.3375
29,202.3486
28,202.4097
27,202.4431
28,202.4597
27,202.5042
26,202.5208
25,202.5653
24,202.5764
23,202.5819
22,202.5875
21,202.5986
22,202.6097
23,202.6264
24,202.9264
25,202.9483
26,202.9764
27,203.0486
28,203.0597
70,203.0775
27,203.0875
69,203.1094
28,203.1153
29,203.1264
30,203.1319
31,203.1375
32,203.1431
33,203.1542
32,203.1986
68,203.2378
69,203.2883
68,203.3658
69,203.3767
33,203.4989
68,203.5042
30,203.5711
29,203.5767
28,203.5878
27,203.5989
65,203.6075
28,203.6156
64,203.6292
27,203.6433
63,203.6508
26,203.6711
62,203.705
61,203.7231
60,203.7339
61,203.7411
60,203.7519
61,203.77
27,203.7822
28,203.7878
60,203.8458
61,203.8567
60,203.8675
61,203.8711
62,203.9867
29,204.01
63,204.0231
64,204.0339
30,204.0378
31,204.0489
65,204.0519
66,204.0628
32,204.0933
67,204.1133
68,204.1169
69,204.1242
33,204.1267
70,204.1386
71,204.1694
70,204.1767
69,204.1875
66,204.2147
65,204.2222
64,204.2439
63,204.2656
62,204.3017
61,204.3197
60,204.3233
59,204.3306
58,204.3381
57,204.345
56,204.3522
55,204.3558
54,204.3631
53,204.3703
52,204.3775
51,204.3847
50,204.3919
49,204.4064
46,204.4325
45,204.4383
44,204.445
43,204.4519
34,204.5139
33,204.5203
32,204.5275
31,204.5383
30,204.5419
29,204.5492
28,204.5636
27,204.5744
28,204.6053
27,204.6342
26,204.6528
27,204.8008
34,204.81
35,204.8156
36,204.8267
37,204.8378
28,204.8406
38,204.8433
39,204.8489
40,204.86
41,204.8767
43,204.8989
50,204.9425
51,204.9536
52,204.9647
54,204.9758
55,204.9814
56,204.9869
57,204.9925
58,205.0036
60,205.0147
61,205.0203
62,205.0258
63,205.0369
64,205.0425
65,205.0536
66,205.0647
67,205.0703
68,205.0758
69,205.0869
70,205.0925
71,205.1036
72,205.1147
73,205.1258
72,205.1486
73,205.1689
74,205.1911
29,205.2089
30,205.2197
31,205.2269
32,205.2378
33,205.245
34,205.2631
35,205.2739
36,205.2992
37,205.3208
38,205.3353
39,205.3497
38,205.3811
39,205.4019
38,205.4264
73,205.4678
39,205.4989
72,205.5011
71,205.5122
40,205.5133
70,205.5233
41,205.5242
69,205.5344
42,205.5383
68,205.54
67,205.5456
66,205.5511
65,205.5622
64,205.5733
43,205.5744
63,205.5844
44,205.5964
62,205.6011
45,205.6072
61,205.6178
46,205.6181
60,205.6233
59,205.6289
58,205.6344
57,205.64
47,205.6433
56,205.6456
55,205.6511
54,205.6567
48,205.6614
53,205.6678
52,205.6733
51,205.6789
50,205.6844
49,205.7289
47,205.735
48,205.7456
47,205.7622
48,205.8364
49,205.8647
50,205.8919
51,205.8956
54,205.9397
55,205.9469
58,206.0903
57,206.0939
58,206.1411
59,206.1847
48,206.2067
47,206.2178
58,206.2389
59,206.3589
48,206.3789
47,206.3844
60,206.395
48,206.4289
59,206.4311
60,206.4347
49,206.4456
61,206.4492
50,206.5178
62,206.5358
63,206.5742
64,206.5994
51,206.6122
52,206.6178
65,206.6244
53,206.6289
66,206.6392
54,206.6678
53,206.6733
67,206.6753
68,206.6861
54,206.6956
69,206.7078
53,206.7178
70,206.7383
54,206.7403
71,206.7453
55,206.7514
72,206.8019
73,206.8492
56,206.8569
57,206.8681
74,206.8925
58,206.9292
59,206.9625
75,206.9647
58,206.9736
57,206.9903
58,207.0125
59,207.0347
74,207.0486
55,207.3014
56,207.3292
71,207.3536
55,207.3625
56,207.4069
72,207.4225
73,207.5525
57,207.5817
58,207.5892
59,207.5947
60,207.6114
61,207.625
72,207.6575
73,207.6719
72,207.7117
62,207.76
63,207.7711
64,207.7878
65,207.7933
69,207.9436
70,207.9997
69,208.0606
71,208.0744
70,208.1814
71,208.1906
68,208.2106
70,208.2253
69,208.2383
71,208.2397
72,208.3267
71,208.3447
70,208.3556
69,208.3628
68,208.3736
70,208.3828
71,208.5272
67,208.5564
72,208.5661
68,208.6867
71,208.7272
72,208.7383
71,208.7439
67,208.7647
72,208.7661
73,208.7883
72,208.7939
73,208.8106
74,208.8328
66,208.8336
75,208.855
64,208.8625
63,208.8661
62,208.8733
61,208.8806
76,208.8828
77,208.8994
60,208.9311
59,208.9383
78,208.9439
77,208.9717
76,208.9939
75,209.0106
74,209.0272
73,209.055
72,209.0661
71,209.0717
60,209.1658
59,209.1731
72,209.2272
60,209.2889
61,209.3069
60,209.3106
59,209.3503
58,209.3792
57,209.39
56,209.3936
55,209.4044
73,209.4053
54,209.4081
53,209.4153
52,209.4225
74,209.4331
51,209.4333
75,209.4442
76,209.4553
77,209.4608
78,209.4775
48,209.485
46,209.4972
44,209.5117
77,209.5164
43,209.5189
42,209.5297
41,209.5333
78,209.5386
37,209.5617
77,209.5831
36,209.5842
76,209.5997
35,209.6131
75,209.6164
74,209.6275
34,209.6311
33,209.6419
73,209.6442
32,209.6492
31,209.6528
30,209.66
29,209.6672
28,209.6781
27,209.6925
72,209.6942
28,209.7175
71,209.7275
72,209.7331
29,209.8772
30,209.8842
31,209.9194
34,209.9697
36,209.9922
37,210.0031
38,210.0103
39,210.0172
40,210.0247
41,210.0319
42,210.0392
43,210.0464
44,210.0533
47,210.0839
48,210.0881
49,210.0917
51,210.1061
52,210.1097
53,210.1314
54,210.1494
55,210.1567
56,210.1639
57,210.1892
58,210.2108
59,210.2361
60,210.2469
61,210.2542
62,210.2614
63,210.2722
64,210.2794
65,210.2867
66,210.3011
67,210.3119
68,210.3228
69,210.3336
73,210.3553
72,210.3775
71,210.3831
70,210.3933
69,210.4008
68,210.4094
66,210.4206
70,210.4317
71,210.4375
72,210.4425
64,210.4592
63,210.4669
62,210.4803
61,210.4969
60,210.5247
71,210.5436
72,210.5475
71,210.5583
70,210.5656
53,210.5808
52,210.5886
51,210.5933
50,210.5989
69,210.6031
49,210.6044
48,210.61
47,210.6156
46,210.6267
44,210.6322
43,210.6378
42,210.6433
41,210.6489
40,210.6544
39,210.66
37,210.6656
36,210.6711
35,210.6767
34,210.6822
32,210.6878
31,210.6933
30,210.6989
29,210.7044
70,210.7172
28,210.7267
27,210.7711
26,210.7767
25,210.7878
24,210.7989
69,210.8381
23,210.8489
20,210.8864
19,210.8919
18,210.8975
17,210.9086
70,210.9489
16,210.9531
69,210.9617
68,210.9761
61,211.0828
17,211.0864
18,211.1086
17,211.1308
16,211.1753
15,211.2086
16,211.2531
17,211.2808
58,211.3075
18,211.3086
57,211.3194
19,211.3308
56,211.3442
20,211.3475
55,211.365
21,211.4086
22,211.4197
23,211.4253
56,211.4336
24,211.4531
25,211.4642
57,211.4661
26,211.4697
27,211.4753
28,211.4808
29,211.5197
30,211.5308
33,211.5475
35,211.5531
36,211.5586
37,211.5642
38,211.5697
39,211.5753
40,211.5808
41,211.5864
43,211.5919
44,211.5975
45,211.6031
46,211.6086
47,211.6142
48,211.6364
49,211.6697
50,211.6808
51,211.6864
52,211.6975
53,211.7031
54,211.7142
56,211.7608
55,211.7808
55,211.8075
56,211.8589
56,211.8836
57,211.8864
57,211.8944
58,211.8978
59,211.9033
58,211.9194
60,211.92
59,211.9292
61,211.9308
60,211.9533
61,211.9756
58,212.0447
57,212.0714
56,212.1075
60,212.22
59,212.2256
58,212.2311
57,212.2367
56,212.2422
55,212.2478
54,212.2533
53,212.2589
52,212.2644
51,212.27
50,212.2756
57,212.2831
49,212.2867
48,212.2978
49,212.32
58,212.3481
50,212.3589
49,212.3811
50,212.4367
51,212.47
52,212.4867
53,212.4978
54,212.5089
55,212.52
56,212.5311
57,212.5422
58,212.5478
57,212.5506
59,212.5533
60,212.5644
61,212.5811
56,212.5903
55,212.6011
54,212.6083
53,212.6156
52,212.6228
51,212.6264
50,212.6336
62,212.6478
48,212.6561
63,212.6589
64,212.67
65,212.6811
49,212.6894
66,212.6922
67,212.6978
68,212.7033
50,212.7039
69,212.7089
70,212.7422
71,212.7756
72,212.7867
73,212.8033
72,212.8089
51,212.8197
71,212.8256
72,212.8314
52,212.8703
71,212.8814
53,212.8847
54,212.9172
55,213.0367
56,213.0728
57,213.0764
58,213.0836
59,213.0908
60,213.0944
61,213.1017
62,213.1053
63,213.1125
64,213.1378
65,213.145
66,213.1519
67,213.1594
68,213.1667
69,213.1775
68,213.1811
69,213.1992
72,213.3925
71,213.4092
72,213.4203
71,213.4592
68,213.4708
69,213.8361
68,213.8469
69,213.8686
70,213.9128
71,213.9678
72,213.9786
73,213.9858
74,214.0436
73,214.0725
72,214.1092
74,214.1411
71,214.1592
72,214.2092
73,214.2644
71,214.2703
74,214.4283
73,214.4469
74,214.4614
75,214.4722
72,214.4869
76,214.4903
77,214.5886
78,214.6428
79,214.6658
80,214.6806
81,214.7147
82,214.7361
85,214.7614
86,214.7892
87,214.7964
88,214.8214
89,214.8325
88,214.865
89,214.93
88,214.9372
87,214.9553
86,214.9661
85,214.995
84,214.9986
83,215.0058
82,215.0164
81,215.0275
78,215.0553
73,215.0869
76,215.0942
74,215.1092
75,215.1208
74,215.1317
75,215.1369
73,215.1533
72,215.1603
74,215.1814
71,215.1894
70,215.2039
71,215.2183
75,215.2814
74,215.3314
73,215.3425
72,215.3536
72,215.3556
71,215.3647
72,215.3758
71,215.3814
73,215.395
74,215.4097
73,215.4711
70,215.5147
69,215.5258
72,215.5469
68,215.5503
67,215.5578
66,215.5633
65,215.5689
64,215.5744
63,215.5856
73,215.5903
64,215.6411
72,215.6444
65,215.6692
73,215.6753
66,215.6803
67,215.7247
68,215.7358
69,215.7414
72,215.7511
70,215.7636
71,215.7914
73,215.8056
72,215.8414
